#R-K     X/O
      3.73337      1.39259
      3.24344     0.669762
      3.67321     0.630169
      2.25713     0.631146
      3.58516     0.896496
      3.06557     0.602269
      2.93409     0.574511
      2.65878     0.343216
    -0.472118     -1.46180
      2.73122     0.494467
      3.96766     0.915036
      2.53002    -0.663885
      2.93992     0.558372
      2.93081     0.114798
      3.07192     0.620854
      3.61244     0.787632
      3.69664      1.09326
      3.38480     0.733044
      3.04127     0.772620
      2.58592      1.00303
      3.12864     0.800791
      3.50660      1.16201
      3.89804      1.50394
      2.28785     0.495483
      2.80059    0.0254908
      3.06346     0.652162
      3.79618     0.844611
      3.46559     0.494186
      3.79777     0.527959
      3.21626     0.617496
      3.19170      1.01542
      2.68484     0.403578
      3.86513     0.900703
      2.79359     0.654997
      2.86776     0.357480
      2.77273     0.795561
      3.82961     0.576503
      2.73560     0.685386
      3.22674     0.388945
      3.75591     0.806766
      2.33419    -0.141576
      3.64941     0.596792
      2.93005   -0.0474558
      3.33941     0.105260
      3.75022     0.777857
      3.05454     0.373516
      3.28318     0.751758
      2.50847     0.630260
      2.51293    -0.480791
      3.14265     0.523288
      3.09574     0.557137
      3.01549     0.418790
      2.87778     0.603095
      3.48371     0.964849
      2.19078     0.193562
      3.07410     0.460443
      2.82201     0.248521
      2.84081     0.549256
      2.23898     0.271777
      3.75116     0.843733
      2.85036     0.463290
      3.25075      1.02044
      3.00182     0.299520
      3.13645     0.781215
      3.45209      1.53797
      3.08698     0.643279
      3.02795     0.211103
      3.24791     0.369537
      3.42908     0.318648
      2.75726     0.314802
      2.92217     0.631711
      2.99464     0.617785
      3.41413     0.152912
      3.00926     0.815852
      3.65164      1.27398
      2.04247     0.200689
      3.98287     0.632198
      3.04308     0.388699
      3.60748     0.430240
      2.80515     0.437325
      3.45387     0.990391
      2.97190     0.903986
      1.26417     -1.67475
      3.68132      1.00271
      3.74913      1.17442
      3.01124     0.739206
      2.70749     0.468558
      3.48914     0.684452
      3.08016     0.335342
      3.94064     0.699825
      2.48016     0.209010
      3.26941     0.753157
      3.14478     0.714789
      2.64803     0.384247
      3.80884      1.24916
      3.91764     0.999522
      2.65724     0.409331
      3.00080     0.782741
      2.89391     0.745225
      3.09545     0.446216
      2.55710     0.446505
      2.63333     0.417435
      2.95677     0.814031
      3.84309     0.932447
      3.60966     0.796267
      3.34895     0.842645
      3.34213     0.662601
      3.20597     0.651511
      2.87831     0.281298
      2.96204     0.875030
      3.05198     0.315980
      3.93833     0.616720
      2.97015     0.875734
      2.64191     0.398220
      2.78178     0.438892
      3.86093     0.751541
      3.28459     0.680647
      3.22935     0.719825
      3.36423     0.580203
      3.60185     0.599000
      3.84559     0.946902
      3.49422     0.450017
      2.70538     0.594972
      3.80853     0.911768
      2.31446     0.738722
      2.26868   0.00571728
      3.98707     0.667638
      3.17344     0.689719
      3.02186     0.447556
      2.68059     0.321426
      3.71947     0.533951
      3.68952     0.949975
      3.03531     0.517598
      3.32707     0.488780
      3.54015     0.562275
      3.36235     0.604140
      3.75641      1.12146
      2.10793     0.148014
      3.29732      1.08792
      3.06836     0.707682
      3.57038     0.148813
      3.42670     0.656116
      3.55997     0.446815
      3.16925     0.759467
      2.62998     0.568113
      3.64833     0.859825
      2.51734     0.494995
      3.18445     0.834611
      3.25380    0.0791187
      2.90469     0.206476
      2.71111     0.570941
      3.78055     0.348062
      3.42171     0.487000
      2.82535     0.529553
      3.20215     0.714814
      2.93295     0.582950
      3.85659      1.04680
      2.89096     0.445913
      1.81458     0.181860
      3.65659     0.824441
      3.75887     0.862882
      2.62560     0.834971
      3.10592      1.00395
      2.83312     0.533256
      3.39255     0.721019
      3.20492    0.0821304
      3.57513     0.422255
      2.91235     0.146324
      3.25124     0.909697
      2.84668    0.0993528
      3.37410     0.336970
      3.16141    0.0929251
      3.20899     0.777899
      2.67759     0.472793
      2.31893  -0.00310230
      2.43673     0.720642
      2.50136    -0.472623
      2.92835     0.526561
      2.43944    0.0427322
      2.49633     0.472357
      2.99979      1.04153
      3.59993     0.608995
      3.18285     0.483077
      1.81014    -0.489291
      1.75903    -0.860821
      2.78480     0.114041
      3.50420     0.740687
      2.67297   -0.0576687
      2.44187      1.04021
      3.44437     0.199051
      2.79689     0.638533
      3.38733     0.375290
      3.04719    -0.118389
      3.28785   -0.0207434
      3.10297     0.506884
      2.44259     0.216011
      2.77710    -0.294802
      2.48105     0.388230
      3.50024     0.148914
      3.16043  -0.00771904
      2.78260   -0.0339527
      3.61168     0.500353
      3.13896     0.665520
      3.36538     0.907658
      2.80272     0.899655
      3.66353      1.12904
      3.67281     0.680644
      3.82165     0.590644
      3.42026      1.38418
      2.98888     0.872874
      2.58992     0.854147
      2.51177     0.597993
      3.69613     0.788784
      3.98022     0.277613
      3.64164     0.855839
      3.53749     0.711088
      2.92539     0.896152
      3.09504     0.488665
      3.68004     0.565763
      3.58557     0.959450
      3.45408     0.487514
      2.14325    0.0772314
      3.03171     0.259091
      3.26104     0.447825
      1.99152     0.302449
      2.62040     0.325422
      3.54325      1.49704
      3.63733     0.623312
      2.81973     0.496885
      3.63137     0.603244
      3.67847     0.747345
      2.47786    -0.703091
      3.93758      1.05813
      3.54803     0.927125
      3.75409    0.0869780
      2.25018     0.434626
      3.56392     0.657860
      2.56707     0.268003
      3.55301    -0.208420
      3.14503     0.609884
      3.26686     0.394774
      3.77094     0.752904
      3.48921     0.842005
      3.31747     0.961189
      2.81079     0.962499
      3.60307      1.53913
      3.15501     0.171790
      3.35514     0.747119
      2.34395     0.853106
      3.18615     0.653037
      2.71950    -0.464489
      2.60070     0.322466
      2.55204     0.395648
      2.82431     0.355011
      3.72490     0.875128
      3.50669     0.885084
      3.81113     0.964331
      3.25971     0.527849
      3.17982     0.186097
      3.35866     0.750293
      3.68199     0.670049
      3.94680      1.11690
      3.41091     0.705094
      3.96981     0.610827
      2.94674     0.179955
      3.54903    0.0995569
      3.45519     0.124655
      3.36709     0.843614
      2.92419     0.765372
      2.68702     0.437401
      2.58216     0.861934
      2.95844     0.304111
      3.26932     0.524459
      2.88523     0.234316
      3.47498     0.163715
      3.08703     0.439489
      3.01167     0.537552
      3.68292     0.420570
      3.69776     0.643867
      2.56496   -0.0802135
      3.81438     0.430670
      2.82714    0.0582228
      2.56015     0.131045
      2.86866     0.133154
      3.64932     0.768339
      3.92288     0.556941
      2.70775    -0.163786
      3.08065     0.637784
      3.18189     0.338563
      3.80476     0.627073
      3.23102     0.566702
      3.19259     0.563023
      3.56986     0.724019
      3.29922     0.623531
      3.13866     0.237875
      3.54745     0.713633
      3.23137     0.634135
      3.28756     0.132845
      2.76556     0.331553
      3.61354      2.21497
      3.10979     0.263216
      2.76421     0.563033
      3.49936     0.541203
      3.55593     0.514763
      3.30697     0.824206
      2.86014     0.995479
      3.07729     0.702410
      2.70191     0.496232
      2.77582     0.139559
      3.92542      1.11476
      3.05325     0.112855
      3.82090     0.666921
      2.51487     0.329547
      3.25111     0.570988
      2.71774    -0.110724
      3.55419     0.391032
      3.61794      1.05687
      2.58873     0.374434
      3.82169      1.22013
      2.81420     0.323165
      3.50660     0.957433
      3.10334     0.872999
      3.43128     0.458423
      3.47708     0.497061
      2.64123    -0.344990
      2.76739     0.923887
      2.79829     0.100825
      3.36579      1.08702
      2.58780     0.780466
      3.26868   -0.0857921
      3.96855     0.489049
      3.69612     0.864906
      2.49663     0.826510
      2.91538     0.933878
      3.66134     0.778375
      2.69027     0.299234
      3.24365     0.537554
      3.15802    0.0300474
      3.46904     0.248276
      3.41510     0.314455
      3.29202    -0.295401
      1.59907     0.256838
      2.63768     0.243633
      3.64214     0.578452
      2.17354     -1.60334
      3.28827     0.650764
      3.74776     0.775884
      3.70691     0.282323
      1.70721    -0.478282
      2.45225     0.497235
      3.23918     0.459615
      3.73250    0.0470810
      2.25707     0.135070
      1.52307    -0.647648
      2.54656     0.110721
      3.11233     0.135217
      3.32679     0.957995
      2.42625   -0.0505190
      3.33416     0.304994
      1.03742    -0.740645
      3.02637     0.184861
      3.55304     0.930892
      3.25503     0.489793
      2.52364    -0.211926
      3.89256     0.279830
      3.40321     0.861928
      2.58524     0.392541
      3.37264     0.613121
      3.26517     0.502151
      3.28093     0.472120
      3.78313     0.759449
      3.13384     0.315555
      3.84688     0.639677
      2.66828     0.686022
      3.61714     0.576990
      3.00073     0.697658
      3.63387      1.15577
      3.58587     0.262926
      3.07808     0.579488
      3.97171     0.971647
      3.34197     0.720219
      3.13046     0.271504
      3.65142      1.23799
      3.86842     0.866631
      3.66321     0.517323
      2.74353    -0.138721
      3.24227     0.641498
      3.00314     0.164955
      3.42103      1.16208
      3.85605     0.680304
      3.36893      1.36608
      2.60187      1.02395
      2.64162     0.230646
      2.09737     0.380093
      2.90075     0.691960
      2.54255     0.997323
      3.10809    0.0503645
      2.94538  -0.00139141
      3.14209      1.45862
      3.83764     0.379586
      2.63239     0.578597
      3.72078      1.18778
      2.90118     0.551655
      3.23710     0.822967
      3.26599     0.666306
      1.96396     0.356156
      2.33581      1.11147
      3.38781     0.515010
      2.57572    -0.230524
      2.82384     0.924280
      3.44948     0.648075
      3.09269     0.203790
      3.01732     0.175352
      2.27377     0.579967
      1.67448     0.100416
      3.17801     0.222591
      3.38334    -0.117679
      3.72187     0.557340
      3.62601     0.335815
      2.69546     0.374228
      2.68278     0.363109
      3.74652      1.21293
      2.67710     0.331218
      2.16130     0.213707
      3.96376      1.11937
      2.06253  -0.00715160
      3.90186     0.767611
      2.79704     0.229683
      2.83221     0.427526
      3.45532     0.481310
      2.78649     0.573836
      2.56698     0.488214
      2.62515   -0.0870190
      2.52352     0.161900
      3.78669     0.568552
      2.72145      1.35386
      3.73183      1.52456
      2.21641     0.377690
      3.44356     0.752443
      3.61900     0.648790
      3.76167      1.18562
      3.78126     0.480391
      2.94822     0.104472
      2.95539   -0.0250978
      3.52947     0.670749
      2.63311     0.130404
      3.69270      1.08270
      3.85609      1.50030
      2.94447      1.08914
      3.64806     0.594144
      3.76137     0.786843
      3.21801     0.493213
      3.48240     0.722550
      3.13417     0.957120
      3.80469     0.476851
      3.36249     0.779017
      2.72558     0.513710
      2.72427    -0.209949
      3.26017     0.434200
      2.69839     0.456845
      3.28759     0.564732
      2.91282     0.535622
      2.07386     0.527312
      3.11048      1.05199
      1.84630     0.717135
      3.23448     0.856533
      2.84356     0.192534
      3.71533     0.912098
      3.40424     0.547807
      3.47558     0.799593
      3.11480   0.00951481
      3.20376     0.745362
      2.73059    0.0992522
      3.31738     0.655835
      3.67171     0.398885
      2.89340     0.244558
      3.30375     0.630193
      2.24820     0.423348
      3.51983      1.20333
      2.18567     0.433445
      3.69718     0.385985
      3.41589      1.08841
      3.65566     0.553629
      3.04740     0.110381
      3.97647     0.480667
      3.64212     0.691034
      3.89919      1.20423
      2.81668   -0.0210085
      3.37004     0.648008
      3.11970     0.326499
      2.55033     0.418357
      3.08568     0.718146
      3.38868     0.533218
      3.94370      1.05194
      2.57006    -0.260291
      2.94814     0.383255
      2.15322     0.361931
      2.27501    -0.434284
      3.51341      1.02611
      3.40701     0.503350
      3.98684     0.818304
      2.35401     0.151304
      2.33013     0.221198
      2.73424     0.656438
      3.55857     0.772385
      1.98045    -0.489768
      2.86221     0.755305
      3.40926     0.376909
      2.85106     0.149381
      3.93377      1.05540
      2.95144    -0.706621
      3.72583     0.613139
      3.57220     0.687974
      3.19847     0.312920
      3.16614     0.543959
      3.73940     0.848294
      3.14496    0.0229445
      3.93203     0.789960
      3.62294     0.651272
      3.67707      1.45360
      2.89307    -0.434829
      3.93127      1.01036
      3.34284     0.929386
      2.21470     0.538675
      3.39156     0.955470
      3.83931     0.976185
      3.52374     0.693155
      3.70132     0.348793
      3.66348     0.295960
      3.59091     0.908163
      3.28187    0.0799446
      3.17470     0.665770
      3.95022     0.192390
      3.45786     0.708049
      2.70603     0.667548
      3.61543     0.627129
      2.80262      1.23905
      3.69628     0.934511
      2.08911     0.914503
      3.26421     0.480848
      2.83850     0.840163
      3.80628     0.741288
      3.00488     0.932806
      3.48438      1.14388
      2.06492     0.450514
      2.92722    -0.158588
      1.51871     -1.21125
      2.14424     0.131023
      3.08861     0.966375
      3.69516     0.754682
      3.44887     0.949030
      1.84542     0.185421
      3.17868     0.544227
      3.63316     0.550424
      3.66429      1.23828
      3.57620    -0.492252
      3.47439     0.809447
      3.19326    -0.327786
      3.73672     0.176866
      3.45894    -0.223198
      3.61252     0.735543
      3.20018     0.421255
      3.86590      1.22128
      3.42609     0.716345
      3.88245     0.787416
      3.22218      1.47446
      3.03498     0.612319
      2.29259     0.581680
      3.63092      1.20985
      3.85087     0.435232
      3.79885     0.394708
      3.91980      1.14967
      3.54094     0.510806
      3.45386     0.455229
      3.40832     0.157125
      3.65309      1.20009
      2.57196     0.652685
      3.28353     0.575269
      2.60820     0.657780
      2.89688     0.895481
      2.22760     0.161698
      3.85918      1.33000
      3.90786     0.734219
      2.33600     0.648591
      2.77209     0.221869
      3.50499     0.793315
      3.88502     0.899643
      2.58388     0.522381
      2.68674    -0.536648
      3.34218     0.555745
      3.27583     0.231771
      3.13997     0.225294
      2.88101    0.0657530
      3.37355     0.796726
      3.32027     0.436983
      2.75509    0.0284595
      2.90143    0.0232849
      3.91995     0.899394
      3.04786     0.761419
      3.40667      1.09130
      2.20259     0.519016
      2.19099      1.02937
      3.70287     0.380813
      3.20976     0.913825
      2.04278    -0.750690
      3.49769     0.313310
      3.67961     0.756402
      2.57705     0.360807
      1.73555    -0.450683
      2.68870     0.534313
      2.26515    -0.300599
      2.45751     0.427197
      3.71456     0.283740
      2.79334     0.290227
      2.59174    -0.641885
      1.77379   -0.0570374
      2.92875    -0.704695
      3.06558     0.842491
      3.28288     0.618971
      1.67806     0.706954
      2.06665     -1.05039
      3.79155     0.973135
      3.47470     0.866592
      3.80624      1.08157
      2.78057     0.775434
      2.65878     0.658983
      2.44616     0.718481
      3.40845     0.573713
      3.70876      1.02042
      3.87917      1.02620
      3.74626      1.08928
      3.16426     0.886505
      3.51583     0.480048
      3.74941     0.253246
      3.14390     0.543624
      3.98810     0.872859
      3.18983     0.204447
      3.26123      1.03473
      3.95106     0.882860
      3.83072      1.35218
      3.26965     0.713925
      3.86948     0.911888
      1.44980    -0.393790
      3.33719     0.769609
      2.46560    -0.468198
      3.10992     0.637335
      1.82286    0.0865712
      3.01873     0.389433
      3.97399     0.818871
      2.94188     0.819992
      3.64840     0.791185
      3.67620      1.48704
      2.86711    -0.876082
      2.58901     0.317664
      3.11749    -0.526151
      3.76930     0.849474
      3.42122     0.291436
