#R-K     X/O
      3.30331      1.02615
      1.71145    0.0316906
      3.34644     0.593656
      3.01617     0.848062
      1.94881    -0.939880
      3.13624     0.411505
      1.71290    -0.332700
      1.39256    -0.149132
      1.95420     0.200959
      2.13720     0.152239
      2.99247     0.237159
      2.91566      1.01563
      2.48695   -0.0490646
      1.62053    -0.243453
      2.74280     0.634458
      2.35245     0.540594
      2.81350     0.754338
      3.62980     0.334026
      2.54674     0.362864
      2.57384     0.427376
      3.57134      1.12141
      3.37675     0.266814
      3.38616     0.954161
      2.08952    0.0606093
      2.43778     0.265306
      2.42114    0.0771160
      3.06369     0.678283
      2.49088     0.619915
      2.07793    -0.224217
      2.10739    -0.238265
      2.48176     0.446171
      1.90576    0.0990191
      3.17453     0.425189
      2.95893    -0.178099
      2.26150     0.654845
      3.25064     0.332644
      3.24380     0.429552
      2.32317   -0.0383005
      2.85311     0.490902
      2.36332     0.626848
      1.71839     -1.38842
      3.24928     0.673449
      1.84997     0.327152
      1.47391     -1.85977
      2.24240    -0.141265
      3.07140     0.698092
      3.29725     0.509687
      2.11935     0.193398
      2.05185     0.787898
      2.11529     0.442998
      3.07334   0.00752926
      3.14372     0.396550
      3.63239      1.05385
      2.99865   -0.0991783
      2.24657     0.192157
      2.30409     0.585294
      2.16180     0.715979
      1.10637     -1.04349
      3.15306     0.634008
      2.97073    0.0926704
      1.64790     0.362656
      2.42954     -1.10935
      3.05643    -0.206861
      3.35358    -0.514676
      2.20146     0.473955
      2.10559    -0.991186
      2.13798    -0.116633
      1.93541    -0.438625
      3.13892     0.289567
      2.06836     0.422231
      2.83704     0.553090
      2.11677     0.332840
      2.78721     0.277179
      3.75776     0.659050
    0.0664005    -0.997000
      2.32057   -0.0596776
      1.89397    0.0991144
      2.70238     0.699606
      3.00035     0.830400
      2.39010    -0.105049
      1.71149     0.701705
      3.16160    -0.338306
      2.05412    -0.220855
      1.77336     -1.39883
      2.35251      1.02779
      2.47582    0.0323324
      2.86191   -0.0556583
      3.52564     0.779058
      2.75304     0.381558
      2.28553     0.303828
      2.29220     0.196751
      2.83575    0.0377722
      3.27256   -0.0512285
      1.27150    -0.514657
      2.59691     0.471793
      2.17780     0.289938
      2.96633     0.280529
      2.09277     0.325365
      1.88417    -0.404260
      2.22292     0.282101
      2.70899     0.684141
      2.07093    0.0324488
      3.01895     0.632953
      2.77279     0.346908
      3.02936     0.623065
      1.89685    0.0747666
      3.36959     0.501255
      2.11551     0.540951
      2.68719     0.119280
     0.913321     -1.11174
      3.31726     0.796926
      3.04294     0.898823
      2.75680     0.562884
      2.51777    -0.620439
      3.49804     0.505200
      2.10540    -0.416958
      3.47027     0.845189
      3.00392    -0.223815
      2.92920     0.358976
      3.94205     0.820995
      2.07014   -0.0916924
      3.14028     0.589251
      2.78250     0.340249
      3.16881      1.08259
      1.38327    -0.211153
      1.55026    -0.377202
      2.96714    0.0217018
      2.96338     0.344501
      2.47523     0.119728
      2.25867    -0.633943
      1.46228    -0.112412
      2.16535     0.138593
      1.69458   -0.0187287
      2.96702     0.782934
     0.831601     -2.06557
      2.91118      1.34011
      1.53744    -0.457432
      2.16384    -0.115995
      2.78776     0.174976
      2.47861     0.363576
      2.55669     0.525058
      2.37460     0.152761
      1.60655    -0.412025
      2.31496    -0.399306
      2.78672     0.139219
      1.96153    -0.228469
      2.06640     0.278079
      1.58134    -0.123826
      2.81974     0.663243
      2.31566     0.247809
      2.37549     0.883014
      2.71535   0.00442600
      3.18118     0.541372
      2.29039     0.599797
      1.68046     0.685905
      2.33448    -0.323606
      2.35941     0.544159
      1.82931     0.312683
      2.39009    0.0487413
      2.70620     0.172927
      1.62039    0.0273261
      2.90791     0.266543
      2.47436    -0.833240
      2.27877     -1.18829
      2.58738     0.353808
      2.25287     0.228569
      2.76478     0.684456
      1.41568     -1.55486
      3.42626     0.299387
      2.43249    -0.290746
      3.52368     0.430751
      3.34458      1.01121
      3.33383     0.480523
      1.99833    -0.943709
      2.58964     0.268001
      2.94654     0.548306
      2.29526     0.529597
      2.01371    -0.173425
      2.72025     0.632600
      2.99425     0.636086
      2.27012     0.254973
      2.11590     0.435573
      2.87870     0.619089
      1.67277    0.0448456
      2.93273    -0.120692
      1.99882    -0.108652
      2.67717    -0.146687
      2.26431     0.607396
      2.77623    -0.106814
      3.20364     0.795443
      2.79784     0.559413
      2.87775     0.541124
      1.93710    -0.854462
      3.20398      1.19111
      2.75161     0.252073
      2.77500     0.709435
      2.23913     0.585078
      2.53001     0.529955
      1.70032   -0.0779672
      1.25891    -0.815106
      3.70706     0.900351
      3.27382     0.888113
      3.13234     0.337159
      2.03859     0.406154
      1.02943     -1.32336
      2.40244     0.130054
      1.86361     0.344845
      3.24510     0.405824
      1.96083     0.109760
      3.17567     0.965343
      2.15703     0.469260
      3.34007     0.749087
      3.22732     0.155017
      3.36025     0.310488
      1.88193    -0.184889
      1.96780    0.0457606
      1.85902     0.250310
      3.22305     0.655611
      3.07872     0.983866
      3.23476   -0.0557876
      1.99514     0.599385
      1.97418   -0.0203314
      2.13376   -0.0758848
      2.33405     0.276816
      1.97661     0.330226
      2.17543     0.874353
      2.01211    -0.709043
      2.98472   -0.0589471
      2.75659     0.313206
      1.95687     0.137668
      3.49913      1.11001
      3.62054     0.380645
      1.86778     0.313342
      1.93406    0.0184026
      1.99524    0.0289893
      2.61028     0.838830
      1.73305    -0.639439
      2.37354    -0.383609
      1.56831     0.432102
      2.25966     0.378237
      1.45426     -1.36273
      3.41943     0.767179
      2.09045    -0.114486
      2.38527     0.243727
      2.93536      1.06833
      3.15464   0.00673437
      1.59927    -0.170012
      2.05088    0.0182238
      2.37724     0.610425
      1.46682     0.411352
     0.674694     -1.16237
      2.45920     0.366876
      2.01394    0.0788393
      3.06671     0.705880
      1.94413     0.533402
      1.88176    -0.184506
      1.73639    -0.771683
      2.63240     0.696271
      2.37514     0.239257
      2.56064    -0.585832
      2.37606    -0.229939
      2.42457     0.229290
      2.73871     0.415297
      2.34968     0.460266
      1.65521     0.421299
      2.53418    0.0921812
      3.03313    0.0961723
      2.14536     0.928517
      1.94082    0.0450339
      2.46748     0.431543
      3.31242     0.886239
      2.23110    0.0827713
      1.79192    -0.516919
      2.36049     0.419987
      2.93995   -0.0206947
      1.59702    -0.145069
      3.30184     0.218926
      2.85476     0.574167
      3.02692     0.536368
      3.31844     0.307890
      3.88659     0.468275
      1.88333    0.0207238
      2.83807    -0.336814
      3.01069     0.700361
      1.83123    -0.386212
      3.56676     0.910717
      2.68529     0.533256
      2.62431     0.280334
      3.61721      1.16265
      2.72525     0.384343
      2.68829     0.470692
      2.46266    -0.235225
      2.85653   -0.0882931
      2.47570     0.205277
      2.96512     0.205153
      2.22016    -0.138415
      3.02529     0.549475
      2.07160    -0.641832
      2.27659    0.0659089
      2.38574     0.488300
      2.74908     0.310080
      1.77163     0.346094
      3.29669 -0.000339031
     0.819649     -1.48351
      2.76795     0.288342
      2.93451      1.54754
      1.66886     0.158780
      1.93633     0.126330
      2.58735     0.445894
      2.33711     0.464715
      2.73321   -0.0665989
      2.12263     0.536309
      3.40367      1.04866
      2.70844     0.544061
      2.49486     0.197679
      2.82694  -0.00227261
      2.60655     0.899829
      3.31970     0.419723
      1.80107    -0.157446
      2.40796     0.658943
      3.27817     0.933144
      3.18874    0.0127635
      1.87076     0.161222
      3.66919     0.570936
      2.71531     0.809377
      2.40605     0.729198
      2.50484     0.520397
      2.19640    0.0769081
      2.29924     0.265798
      2.03468   -0.0561266
      3.23531     0.597482
      3.24801     0.282135
      3.27001      1.02881
      3.20155     0.905672
      3.00984     0.907952
      3.04150    0.0993032
      2.09343     0.307308
      2.89739     0.642588
      2.09509    0.0368361
      3.28958     0.693756
      1.77979     0.195573
      2.76128    0.0591712
      3.42377     0.542759
      2.23786     0.464410
      1.64247     0.471325
      2.32074     0.519876
      2.28499    -0.238994
      1.58631     0.254467
      3.32618     0.780396
      3.16644     0.269361
      1.96432     0.420354
      2.22329   -0.0532875
      2.74767     0.712982
      2.24849     0.419605
      2.50407     0.196360
     0.619223      1.08752
      3.56805     0.755596
      1.94240     0.310658
      2.89604     0.587551
      3.17999     0.769524
      2.02849     0.755515
      2.03911     0.353042
      2.76534     0.545354
      2.90602      1.07946
      2.89141    -0.158756
      1.88873    -0.315714
      3.01685     0.507394
      3.42875      1.09023
      2.37779   -0.0348997
      2.21598     0.356265
      2.12136     0.344373
      3.25990     0.902245
      3.20156     0.766675
      1.26719    -0.424495
      2.10656   -0.0728717
      3.02003     0.941154
      3.19285     0.680505
      3.09303     0.496040
      2.50433     0.203598
      2.07281     0.238309
      1.74975    -0.447403
      1.84441     0.754961
      2.93838    -0.345986
      2.96577     0.551385
      2.03039    -0.306603
      2.39520     0.138502
      3.38316     0.385247
      3.26236     0.802846
      2.21171   -0.0460243
      1.77405    -0.678909
      2.29128    -0.168159
      2.94166     0.530877
      1.81385     0.317072
      2.50517    -0.280092
      1.64182   -0.0135140
      2.13472     0.444852
      1.82276    -0.308501
      3.02287     0.330553
      1.81429    0.0494347
      2.30716   -0.0811963
      1.70097    -0.482458
      2.60378    0.0927410
      2.29455     0.131660
     0.750265     -1.94844
      3.00425     0.589367
      3.33651     0.773095
      2.08079    -0.151988
      2.96062     0.277296
      2.10166     0.142685
      2.12395     0.580966
      1.68307   -0.0200634
      2.91089     0.453546
      2.60940     0.325414
      3.19090     0.793876
      2.26058    -0.761663
      1.78680    -0.113993
      3.19389     0.438465
      2.35822   -0.0610070
      3.20004     0.550495
      2.48734   -0.0589304
      2.82458     0.521309
      2.01941    0.0394592
      3.05947     0.611506
      3.46170     0.209578
      2.04923     0.162402
      1.99175    -0.143740
      2.15721    -0.116835
      3.06423     0.268661
      1.79148    -0.181271
      3.82855      1.02255
      1.69186    -0.124969
      1.70163    0.0407820
      2.29489     0.677827
      2.50888     0.560428
      2.56823     0.180291
      1.92675     0.582933
      1.66424   -0.0172620
      3.53650     0.762228
      3.19804     0.631778
      2.27090     0.285682
      1.82731    -0.453528
      1.77969     0.455933
      3.56366     0.855669
      1.93414   -0.0922003
     0.333311     -2.24117
      1.75671    -0.108996
      2.52781     0.116664
      2.56142     0.286206
      2.10533     0.732047
      2.28818    0.0826292
      1.87906     0.279788
      2.61996     0.306483
      2.65019     0.357110
      2.33191     0.617131
      2.29766     0.210918
      2.28726     0.441371
      2.40533     0.341004
      3.27229     0.298412
      1.62065     0.101789
      1.49879     -1.40689
      3.42630      1.55143
      1.60939     -1.43540
      2.32113     0.660274
      2.07119    -0.318516
      3.17660     0.272515
      2.93756    -0.135119
      2.24436    -0.196709
      2.00597   -0.0474930
      2.45592     0.542280
      2.00130     0.117111
      3.53434    0.0320539
      2.62957     0.731922
      2.59338     0.668461
      3.20856     0.712714
      2.25764     0.682545
      2.38333     0.732239
      3.28756     0.376760
      2.96471    -0.224761
      2.75744     0.685004
      2.21468     0.457121
      2.17730    -0.374722
      1.33247     0.494666
      2.21984    -0.133386
      2.71398     0.150958
      1.94671   -0.0496054
      2.36140     0.569121
      3.51829     0.393622
      2.63326     0.473645
      1.44183     -1.27920
      2.41528  -0.00778294
      3.08747     0.317115
      1.94428    -0.668846
      2.43321   -0.0465112
      2.47530    -0.113227
      1.93228     0.152236
      1.93520    0.0414405
      2.31427    -0.558887
      3.10649     0.514201
      2.14869     0.416201
      2.54137    0.0950017
      2.52773     0.625290
      3.10901     0.974277
      1.98926     0.243633
      2.62620     0.602460
     0.691239     -1.43644
      3.20556     0.447120
      3.27737     0.941602
      2.95832     0.605365
      2.44784     0.476912
      2.59126     0.438726
      3.35012     0.443006
      2.68654     0.221020
      3.85628     0.769021
      2.02048    -0.412633
      3.45224   -0.0646296
      1.88843    -0.166039
      2.46016     0.400192
      1.97378     0.254336
      1.86084    -0.401765
      3.12918     0.788699
      2.27038     0.225327
      1.74760   -0.0330853
      2.76933     0.489982
      2.68842     0.190750
      2.72043     0.532671
      1.73172     0.105469
      2.87009     0.290496
      2.48359     0.314693
      1.91767     0.154126
      2.61464     0.187201
      3.09366     0.677630
      2.42606   0.00550556
      3.39250     0.696779
      2.79934     0.388381
      2.87572     0.458014
      2.71541      1.26816
      2.51198     0.106441
      3.10398      1.32814
      3.07046     0.905372
      2.61080   -0.0678239
      2.11519     0.652617
      3.22094   0.00270891
      1.22576    -0.340971
      2.50452    -0.108805
      2.18253     -1.25721
      2.02571    -0.357562
      2.32420    -0.265242
      2.60065     0.261838
      3.09440     0.489882
      3.39191      1.10224
      1.92412    -0.135756
      3.39036     0.466919
      2.03807    -0.668310
      1.83178   -0.0299215
      1.61690    0.0617375
      1.65193     0.162736
      2.50716     0.758056
      1.73716     0.160869
      3.62445    0.0539045
      1.71425     0.780576
      2.17381    -0.320786
      3.71698     0.687402
      2.09188    -0.281351
      2.73472     0.154655
      2.73127    0.0477104
      2.72079     0.443283
      2.34880    0.0795698
      2.43760     0.570252
      1.99886  -0.00674820
      3.07867     0.684222
      2.89669    -0.474800
      3.32696     0.658903
      2.33923     0.242365
      2.43221     0.100533
      3.17469     0.292188
      2.59750    -0.440833
      2.14265     0.918186
      2.04136     0.322401
      2.97677     0.379817
      3.15579     0.351450
      3.29659     0.366958
      2.81923     0.526424
      1.83932   -0.0758448
      2.13950     0.371387
      3.15641    0.0738230
      2.01970   -0.0694180
      2.88953    0.0466380
      3.84336     0.826373
      2.17160     0.705550
      3.49811      1.02016
      3.21136     0.560141
      3.90338     0.965170
      2.72114    -0.310876
      3.16566     0.261263
      4.32547     0.723516
      3.76804     0.394210
      3.11204     0.702229
      3.97472     0.830172
      3.53540     0.205637
      3.49428      1.01906
      2.82768     0.310567
      3.19647     0.722239
      3.75718     0.851353
      3.49132     0.769633
      3.31227     0.504458
      3.76482      1.28164
      3.30450     0.383816
      3.24072     0.701854
      2.62455    -0.204586
      2.63363    -0.244766
      4.24420     0.705001
      3.29854     0.501159
      2.70767    -0.452293
      3.90833     0.614589
      3.33778     0.628499
      2.52573     0.161010
      3.49997     0.373287
      3.24043     0.266660
      3.86422     0.792151
      3.64135     0.753330
      4.15915     0.827973
      4.15129      1.20119
      3.68772     0.334904
      3.20552    -0.223428
      3.36051     0.860106
      3.43846     0.235750
      4.17766     0.894895
      2.66099     0.332321
      3.04553     0.244065
      3.75148     0.276955
      3.80343     0.489804
      2.53740    -0.764117
      3.07002   -0.0195866
      4.04585      1.38521
      2.89219     0.607354
      2.51727     0.367146
      3.63457     0.402127
      3.33559      1.55299
      3.33118     0.624230
      3.95117      1.14277
      2.59266   -0.0657444
      3.34405     0.169103
      2.86410   -0.0331535
      3.45954     0.660101
      2.07480    0.0122323
      3.47388     0.371290
      3.74530      1.32003
      3.82594      1.24522
      3.38120     0.434170
      4.16253      1.09802
      2.98363    0.0994091
      2.46410    -0.904222
      3.08103     0.570305
      2.76105     0.118807
      2.89129    -0.636942
      2.95647   -0.0831742
      3.96905     0.932259
      3.20256     0.317689
      4.06393      1.01928
      4.20302     0.868581
      3.70943      1.26314
      3.29079     0.481153
      2.76846    -0.279111
      2.47560   0.00553989
      4.08483     0.823500
      3.55414     0.322181
      3.74503     0.852695
      2.94267    0.0633855
      1.70607    -0.277095
      2.94526     0.376444
      3.35694     0.612370
      3.30884     0.724453
      3.54607     0.753410
      2.96888     0.171665
      3.92756     0.746363
      2.94076    -0.150907
      3.22970     0.319723
      3.18166     0.667810
      2.66351   0.00184107
      3.04660   -0.0196800
      2.99551    -0.400102
      3.31800    -0.174489
      3.49760     0.104127
      3.26933     0.902530
      2.86537   -0.0219831
      3.12937     0.821154
      3.53116     0.658362
      4.77867      1.00286
      5.08531      1.18510
      3.16764     0.635795
      4.08793     0.935506
      2.35358    -0.268498
      2.86993    -0.151108
      3.26414     0.765065
      3.02194    -0.212844
      2.72148    -0.370853
      3.04329     0.565211
      2.45785    -0.508488
      4.16600     0.726325
      3.29471     0.225008
      2.42997    -0.442038
      4.14085     0.672881
      2.63953    -0.331476
      3.77979     0.545939
      3.40361     0.601289
      3.58720     0.577544
      3.81890     0.492066
      3.22064     0.204056
      2.63245    0.0859890
      2.73606     0.914290
      2.09633    -0.939565
      2.85955    0.0766239
      3.56129     0.412914
      2.77238    0.0700288
      3.39860     0.648322
      2.66495     0.481373
      3.04907     0.137990
      2.79131   -0.0153012
      3.16095     0.376384
      3.00268     0.140822
      3.62227     0.733331
      2.84386   0.00279427
      4.23411      1.27326
      3.32879     0.511674
      3.49545     0.616948
      2.48062     0.389874
      3.93560      1.53767
      3.28865     0.424192
      3.28966      1.39764
      3.36497      1.27879
      3.42730     0.808143
      3.15172     0.549171
      3.05853     0.522980
      2.83670    -0.449952
      2.40031   -0.0190530
      3.58830      1.06622
      2.69247     0.317502
      3.65816     0.921779
      2.94362     0.165711
      3.36419     0.268351
      4.44786      1.09743
      2.79402    -0.239277
      3.38061     0.245821
      3.25817      1.08358
      3.36275     0.883772
      3.74629     0.677163
      3.75402     0.566459
      3.52912     0.673959
      4.37080     0.608215
      3.66578     0.456464
      5.45815      1.92552
      2.60621    -0.871588
      3.03743     0.504011
      3.24834     0.711680
      2.98697     0.600418
      3.35277     0.648365
      2.98281    -0.155277
      3.19756    0.0674067
      4.13068     0.489067
      3.34789     0.344240
      3.90727      1.06223
      3.50517     0.300481
      2.49615     0.766994
      2.90549     0.283214
      3.39827     0.175234
      3.73948      1.04586
      3.28605     0.393487
      4.43772     0.219857
      3.31583     0.672597
      4.18156      1.05102
      3.18291     0.523114
      2.26194    -0.334246
      2.58772     0.303415
      2.60444    -0.288672
      2.75645     0.116509
      3.41968     0.777380
      2.83244    0.0945067
      3.53600     0.562508
      2.77508    0.0136881
      2.23970    -0.554412
      2.57043  -0.00845289
      2.97888     0.175857
      3.41877      1.03404
      2.36855   -0.0533247
      2.63833    -0.118281
      4.26225      1.38729
      3.49512     0.457536
      2.91177    0.0805426
      3.15209     0.216113
      3.02195     0.367985
      3.01595    -0.376805
      3.86074      1.10500
      2.51962    -0.181257
      3.97057      1.01148
      4.00235      1.30041
      2.62199     0.951548
      3.66915      1.18545
      2.76523     0.671224
      3.71026     0.501691
      3.08234    0.0476828
      2.16649     0.207546
      2.68054     0.260628
      3.75583     0.796878
      3.30201     0.514930
      3.68809      1.03693
      3.92166     0.894688
      3.68318     0.786594
      3.38493     0.372450
      4.25830      1.10087
      3.66978     0.368130
      2.99058     0.806203
      2.66068    -0.139349
      3.09979     0.100791
      3.29836     0.576825
      3.25137     0.552682
      2.18916     0.192672
      2.56405    -0.212454
      3.09616    -0.365526
      2.70222     0.289314
      3.78186     0.796587
      3.32586     0.100328
      3.03203     0.288780
      3.54039     0.469139
      2.78319     0.361304
      3.58255      1.09235
      2.63986     0.781756
      4.06957      1.11629
      3.33628     0.537802
      3.68954      1.09075
      3.89744     0.154534
      2.76542    -0.474960
      4.31008      1.34884
      4.15189     0.884717
      2.81873     0.398083
      3.25025     0.624340
      3.39046     0.544378
      2.85991    0.0703964
      3.59173     0.637026
      3.76325     0.594597
      3.69084     0.928774
      2.76007     0.241564
      1.82698   -0.0239248
      3.50869    0.0363436
      3.67050     0.991868
      3.08883     0.230012
      3.53370     0.350352
      2.67508    -0.490940
      2.74282    -0.186292
      3.15755   -0.0408621
      3.51934     0.992416
      3.96611     0.738791
      3.67242     0.549358
      3.14878     0.201239
      3.49457     0.477944
      2.01777    -0.161963
      2.39153     0.534404
      2.15814    0.0677681
      2.34583    -0.143800
      3.12168    -0.300330
      2.16979     0.296865
      2.20697     0.701962
      3.29989     0.540899
      2.78374    -0.399250
      2.68005    -0.333083
      2.24229     0.757185
      2.62310    -0.506594
      2.20840     0.706829
      2.20742     0.745568
      3.48240     0.837638
      3.18115     0.291405
      2.31825     0.173989
      1.86771     0.643671
      2.55700     0.414627
      3.04881     0.639655
      2.79687     0.881727
      1.28085     0.281662
      2.34312     0.257569
      4.82889      1.34016
      3.00437    -0.450180
      1.86850   0.00866175
      2.75962    -0.311402
      2.56618   -0.0881662
      1.89441    0.0199480
      2.31382    -0.554847
      2.24422     0.697835
      2.70316    -0.743738
      3.11673      1.14148
      2.32135     0.853916
      3.54824     0.601726
      2.81147     0.770278
      2.82337    -0.260934
      1.48814    0.0559554
      3.02429     0.683244
      3.53199     0.319386
      1.93802     -1.39947
      2.71036     0.558910
      4.10465     0.236913
      1.71772     -1.37168
      1.99823     0.204090
      1.82861    -0.955649
      2.89205     0.776196
      3.33408     0.592221
      1.29986     0.436150
      3.10236    0.0823822
      3.19980     0.904433
      2.48518    -0.276486
      2.55186    -0.555263
      4.23598      1.36508
      1.50358     -1.55215
      3.12525   -0.0317144
      2.11118    -0.430362
      3.25989     0.530253
      1.75272    0.0501614
      2.43979    -0.237045
      2.37864     0.620716
      2.53727     0.392927
      1.87442     0.297472
      1.93929     0.115143
      2.16461    0.0531759
      3.99860      1.10882
      3.82522     0.481870
      1.66707     0.432381
      2.95796     0.504853
      1.84361    -0.242940
      3.23025      1.01469
      1.94687     0.133443
      3.37599     0.536039
     0.882312     -1.98670
      3.33667     0.882108
      2.58386    -0.166089
      2.09666    -0.104713
      2.14275     0.244123
      2.10093   -0.0486422
      2.83811    -0.819578
      2.73804     0.544706
      2.50352     0.654815
      4.65160     0.327619
      2.10102     0.798256
      2.88604     0.474263
      2.08928     -1.17757
      2.47169     0.481875
      2.93564     0.421928
      2.84391     0.668839
      1.87753    -0.686221
      1.96709    -0.184818
      1.94165     0.349633
      1.70501    -0.887973
      2.66591     0.566264
      2.40030    -0.373319
      3.37850     0.428709
      3.48130   -0.0479517
      2.83657     0.297128
      3.18105    0.0337801
      2.36729     0.277626
      3.04748     0.484301
      2.42428    -0.622426
      3.09258     0.843413
      2.84182     0.138910
      2.98002    -0.316006
      2.18316    -0.175995
      2.21107     0.491663
      1.65013     0.483002
      3.81672      1.14319
      2.82438     0.635580
      2.34471     0.413866
      1.56353   -0.0569148
      2.03489     0.127295
      3.28123      1.17536
      2.44153      1.07744
      2.46700     0.401962
      3.24090     0.507541
      1.75657    -0.507121
      3.49523     0.365892
      2.84319      1.05687
      1.92540     0.321491
      3.00601     0.261814
      2.34387     0.377592
      3.01149     0.189795
      2.19580     0.842462
      2.69253     0.956569
      2.95811    -0.315461
      2.96821    -0.171374
      2.86430     0.746566
      2.65450     0.613029
      3.16236     0.350965
      2.44905     0.159491
      2.76954     0.493144
      3.39306     0.181214
      2.61179   -0.0716214
      2.78258    -0.246634
      3.08881     0.480466
      2.23806     0.530284
      2.97099     0.274667
      2.50401     0.754311
      2.72444     0.965398
      1.67803    -0.148256
      2.25857     0.474941
      3.01441    0.0880237
      3.11687     0.519781
      2.32559    0.0551796
      3.46417     0.943736
      2.93651     0.438435
      3.00208     0.735701
      2.33784     0.239298
      3.05774     0.214214
      1.55753     0.818110
      2.72453     0.145194
      2.51734    0.0977411
      2.94958     0.711420
      2.06688    -0.155959
      3.06225     0.179615
      3.44548     0.397383
      3.35935     0.714408
      2.70983   0.00246429
      2.05001    -0.131713
      2.03515    0.0562129
      3.01094     0.431674
      2.36785    -0.583136
      2.08448    -0.819840
      1.84539     0.294148
      2.71775    -0.113393
      3.35783     0.657269
      1.74215   -0.0550308
      2.39470    0.0772629
      3.56194     0.565546
      2.36588     0.188116
      2.92212     0.828151
      1.76546    -0.558522
      2.88979     0.323053
      2.54986     0.263117
      2.57741    0.0481095
      2.99081     0.697330
      2.05671    0.0848041
      2.11365     0.839692
      3.02512     0.445505
      2.23701     0.149131
      2.40581     0.186880
      2.81492    -0.782240
      2.99902      1.16232
      2.34070    0.0978179
      3.54301     0.725767
      2.12735    -0.526783
      3.07150   -0.0741129
      1.76591    -0.467205
      2.40110     0.621548
      2.40628     0.375711
      1.77376     0.129254
      2.77618    -0.157915
      1.96024     0.139225
      2.10076     0.219105
      3.16796    0.0408988
      2.79208    -0.294007
      3.19504      1.14587
      3.20301     0.222834
      2.72474     0.312432
      2.14411    -0.312680
      1.95946    0.0521812
      1.91806     -1.06855
      3.03500     0.584835
      2.39593     0.390346
      1.99422    -0.342512
      3.60270     0.124145
      2.68064    -0.664435
      1.87071    -0.118394
      3.05801     0.176360
      3.41436     0.996105
      2.63877     0.608151
      2.10804     0.607224
      2.30045     0.290983
      2.10504     0.467455
      2.52822     0.167016
      1.99161     0.115749
      2.69779     0.814999
      1.90171  -0.00555038
      3.56698     0.707698
      2.55087     0.418529
      3.30457     0.423717
      3.62509    -0.192713
      3.03818     0.483773
      2.79562    -0.112350
      2.49832     0.428762
      1.98763    -0.144145
      2.30391     0.641192
      3.98480     0.464693
      2.02275    -0.247858
      1.73545     0.551566
      3.27898     0.150155
      2.56210    -0.361736
      3.73766     0.783118
      2.52895    -0.296108
      2.29251    0.0955467
      3.38346      1.28206
      2.06028   -0.0122390
      3.25043     0.515532
      3.28508    -0.367411
      1.71321    -0.180385
      2.58383   -0.0686455
      2.65028    -0.141513
      2.22850    -0.197042
      2.30569    -0.104143
      3.28403     0.347095
      2.68139   -0.0514517
      1.59830    -0.311966
      2.12239    -0.149128
      2.93246    -0.584149
     0.793290     -2.62953
      1.43838     -1.28163
      2.83693     0.410310
      1.71405     -1.59005
      3.32944     0.414623
      2.29835     0.616671
      3.00648     0.195956
      2.68699     -1.26246
      3.60050     0.398869
      2.86434     0.599086
      2.77400     0.376993
      2.59330    -0.122869
      1.82899   -0.0128174
      3.02859     0.360458
      4.57308      1.14787
      1.64686     -1.76288
      3.25607     0.384772
      2.96892   -0.0528078
      3.15726     0.575558
      3.75980      1.07657
      3.21655     0.857697
      1.93182   -0.0544276
      2.41092    -0.222183
      2.49467     0.312540
      2.46203     0.632394
      2.38345    -0.369237
      1.89273    -0.120861
      3.24539      1.10959
      2.52440     0.468192
      2.61339     0.621855
      3.29214     0.765958
      1.59864     0.455582
      3.22491     0.424176
      2.77314    -0.210959
      1.62368    -0.239719
      2.31211     0.305290
      2.41121   -0.0142150
      3.15252     0.253406
      3.18072     0.885158
      2.02900    -0.109402
      2.33631     0.358556
      2.80739     0.200438
      2.69556    0.0853634
      2.38447    -0.288239
      4.03620     0.793941
      2.32885     0.260969
      3.38947     0.266203
      2.74882    -0.439037
      3.14892     0.840267
      1.85973     0.186045
      3.48055     0.647478
      2.98394     0.527886
      1.78633    -0.759483
      3.32278     0.658278
      2.43902    0.0907211
      1.84257     0.856062
      2.67645    0.0810556
      2.81178     0.800440
      3.54060     0.176938
      2.05450     0.279908
      3.14426    -0.283763
      3.90296      1.56448
      3.57812    0.0730648
      2.72086      1.08739
      2.84001     0.615363
      2.85117     0.466765
      2.56744     0.343958
      2.42729      1.02221
      4.94145      1.27564
      2.62972   -0.0266972
      1.52609    -0.242077
      4.79700      1.42031
      2.48144    -0.469448
      2.30821     0.534632
      3.23934     0.672164
      2.99633     0.681583
      2.95469      1.07033
      2.20024     0.415087
      3.02702     0.148259
      2.40034     0.383904
      2.01253  -0.00138474
      2.61256     0.462420
      2.27368     0.240826
      1.40050    0.0244327
      2.30686     0.900396
      3.24364    -0.130388
      2.50114     0.262763
      2.94445     0.621058
      3.67367     0.460982
      2.31388     0.477231
      3.64090      1.24276
      3.63205     0.258219
      1.96196   -0.0665922
      2.93125     0.573375
      3.63915     0.659757
      3.17555     0.134888
      2.55862    -0.899190
      2.93834     0.238260
      3.16688    0.0790434
      2.56439    -0.165771
      2.77625    -0.519890
      2.88403    -0.709878
      2.89354     0.829978
      2.92762     0.895914
      2.24325     0.346044
      1.85859   0.00833416
      2.16448     0.434847
      2.97535      1.00019
      3.07856     0.304045
      2.07174     0.206218
      2.80567     0.287374
      3.01645     0.123197
      2.06493   -0.0938148
      1.99748     0.381424
      3.03212    -0.651182
      2.30925   -0.0184984
      1.52068     -1.43483
      2.03612    0.0117869
      3.22066     0.657884
      3.07173   -0.0368295
      1.94401    -0.310575
      3.09299     0.232104
      1.74893     0.181648
      2.02012    -0.252556
      3.72129     0.661146
      3.37852    -0.182744
      2.21240     0.342964
      1.72153     0.127711
      2.86853     0.192557
      2.75828    -0.100145
      2.20761     0.803289
      1.93044     0.610792
      3.18787     0.873624
      2.42180     0.400355
      3.75497      1.62513
      2.42505     0.120690
      2.79430     0.779586
      2.66232     0.439641
      1.90549    -0.162844
      3.48150     0.445887
      3.07037     0.497011
      2.41383     0.893517
      3.54229     0.498897
      2.87440     0.192870
      2.41906    0.0930858
      2.59836     0.698774
      3.75755      1.40687
      2.85417     0.853818
      1.47072    -0.735881
      2.19715    -0.162186
      2.83381     0.667965
      3.14648     0.507345
      2.04563     0.386308
      2.00159     0.698131
      2.79795     0.410488
      2.89995      1.00268
      1.62813     0.420775
      2.44932     0.897094
      3.31336     0.507627
      3.26877     0.145512
      2.05086     0.321908
      1.93797    -0.133220
      3.41392      1.03528
      2.65916     0.222320
      2.06848  -0.00139809
      1.85066   -0.0249414
      3.92861     0.938664
      3.67600     0.598222
      2.00916     0.221611
      2.31240     0.556623
      3.69184      1.11184
      2.92892     0.491086
      2.30743   -0.0336127
      3.25745     0.571787
      3.68749     0.359130
      2.41540     0.641619
      2.59074     0.351838
      3.18962    0.0389991
      2.44296     0.958776
      3.45862     0.711092
      3.09542     0.418076
      1.42237    -0.334210
      3.29090     0.807302
      1.56458     0.477982
      3.90461     0.586389
      2.09041    -0.154594
      2.09457     0.363926
      2.77661      1.05933
      1.98099    -0.182828
      2.37897     0.251808
      2.87040     0.371090
      2.58995   -0.0564623
      2.85804    0.0126486
      2.44277     0.722157
      2.31189     0.294827
      3.01020     0.610482
      2.14915    -0.114336
      2.37035   0.00996971
      2.37827    0.0978265
      2.90531     0.254923
      1.94279    -0.391233
      2.13071     0.205868
      1.79136     0.103387
      1.70579   -0.0394959
      2.82607     0.529896
      2.42764     0.919330
      1.70356    -0.543189
      1.88204    -0.263072
      2.85540  -0.00882816
      3.32015   -0.0883827
      1.92318     0.303098
      1.21841    -0.934789
      3.16460      1.40500
      2.47076     0.509314
      2.60438     0.439162
      3.19276     0.372257
      3.27788     0.507440
      2.60841     0.730450
      2.20211     0.211754
      3.66426     0.839523
      2.70947     0.569389
      2.19711  -0.00717402
      3.01959     0.602446
      1.49315     0.277400
      1.79739     0.161870
      1.94956    -0.117945
      1.71529    -0.813405
      2.71843     0.276723
      2.06808    0.0607777
      4.23429     0.613129
      1.89711    -0.164067
      3.02578     0.609567
      2.75984     0.527582
      2.67698     0.353668
      2.19864     0.706470
      2.04188   -0.0434427
      3.19483     0.286825
      2.33760     0.237000
      2.04549   -0.0256405
      2.20905   -0.0554304
      2.53890     0.102376
      2.48006    -0.128736
      3.73407     0.333776
      1.94580     0.488077
      1.96363     0.535959
      3.03603     0.780720
      1.99420    0.0369277
      1.91602     0.706872
      4.06972      1.05725
      2.69536    0.0698709
      3.32678     0.606848
      1.91493   -0.0624247
      1.73457    0.0779486
      2.08749    -0.979581
      1.69166   -0.0435219
      1.99618     0.289979
      1.68867    0.0226426
      3.19363     0.186317
      2.31188    0.0916810
      2.81331     0.525806
      3.04214     0.616980
      3.48512     0.590420
      3.07615     0.269325
      4.24981    0.0272741
      2.96321    -0.402992
      1.51041    -0.206851
      1.67957    0.0785942
      2.52528    -0.216884
      2.16051     0.778217
    0.0294571     -2.40085
      3.33640     0.674009
      3.18094     0.475702
      2.04124    -0.130749
      3.15829    -0.934398
      1.53344     0.175153
      2.69176     0.143985
      2.02229    0.0447636
      2.53406    -0.373834
      2.41553   -0.0932255
      2.19388     0.596441
      3.05302     0.369887
      2.13579    -0.610489
      2.21396    -0.491755
      2.62777     0.388268
      1.81758     0.526573
      3.04192     0.186502
      2.09513     0.805647
      3.91509      1.29286
      3.75699     0.621866
      2.17155    -0.271064
      1.98493     0.434198
      1.79117    0.0396147
      3.70000     0.755014
      3.62929     0.262568
      3.23713   -0.0822792
      2.78055     0.247142
      3.05542     0.323622
      2.76818     0.703764
      2.64463     0.671875
      3.36455     0.371983
      2.09380    0.0167928
      2.19899     0.704814
      3.94229     0.874331
      2.22996    -0.194252
      2.12697     0.290967
      2.85283     0.284868
      2.98778     0.677711
      2.99911      1.17754
      2.23928    -0.244050
      2.07891     0.290566
      2.24478     0.295578
      3.17376    0.0719185
      2.95574      1.05417
      2.14869   -0.0656185
      2.61091     0.346706
      3.16601     0.490420
      2.69768     0.561649
      2.30742     0.267420
      3.22679     0.227499
      3.02140    -0.754603
      1.90799    -0.385709
      2.88457   -0.0834594
      2.39146     -1.03923
      2.24555     0.716015
      2.24399     0.121358
      2.82293     0.263058
      3.01827     0.560807
      2.45669    -0.190063
      2.60490     0.329019
      2.16294     0.186654
      2.75319     -1.16842
      3.54217     0.336396
      3.20858     0.697400
      2.47586   0.00912571
      1.46597   -0.0968461
      1.63619     0.103280
      2.28802     0.527702
      3.14792     0.132416
      3.13357     0.463245
      2.20950     0.197122
      2.83379     0.600762
      2.64376      1.07296
      2.03805     0.380327
      3.10126     0.541223
      2.94137     0.772252
      2.84073     0.815939
      3.15119     0.357554
      2.43677     0.160550
      4.07708     0.776361
      3.12575     0.422728
      3.17587     0.235452
      3.04071     0.422940
      2.69240     0.527164
      2.20928     0.575294
      2.42005     0.327985
      2.27731     0.324887
      3.19689     0.729856
      2.55561     0.608911
      3.82506     0.667592
      3.43834     0.933013
      1.94795     0.352742
      1.73844    0.0659142
      3.01336     0.460403
      2.66032     0.172494
      3.61961     0.500555
      2.52504     0.589929
      2.00720    -0.365914
      3.37021     0.402890
      2.89311     0.418835
      1.92788    -0.313410
      2.06169    -0.353265
      2.25094   -0.0336981
      2.39230     0.386732
      1.97023     0.396867
      4.80929      1.18705
      3.04209     0.655842
      2.69353   -0.0948038
      3.22573     0.477079
      1.84438     0.284072
      3.53098      1.29435
      2.81722     0.710898
      1.88014     0.291395
      1.76390    0.0444922
      1.49692    -0.261386
      3.05488     0.594619
      2.58210     0.348277
      2.72192    -0.202376
      2.89182     0.752965
      1.95286     0.218236
      2.62817    0.0552368
      2.53414     0.152367
      2.96182     0.697075
      3.58486     0.753021
      2.45730    0.0569000
      2.66841     0.581351
      2.20614     0.914307
      2.29798     0.449042
      2.90904     0.642179
      2.57302     0.765223
      2.41418     0.415511
      2.57515     0.238541
      3.17417     0.500843
      2.77086     0.450630
      3.90880     0.976987
      3.41322     0.472015
      3.26411     0.245051
      4.41403     0.866135
      3.31253     0.585777
      2.26423    -0.367678
      2.30808    -0.111675
      2.59299    -0.800165
      2.47861     0.715591
      2.26765    0.0913525
      1.18741     -2.07489
      4.54529     0.342611
      3.13888    -0.283416
      2.79909     0.109711
      3.79513     0.613125
      3.27315      1.02188
      3.31252     0.357759
      2.74105    0.0878110
      2.90051     0.619995
      3.02029     0.546295
      2.88532     0.815099
      2.59241    0.0796061
      1.71288     -1.14580
      2.25368    -0.961767
      3.59621    -0.374733
      2.13586     0.421751
      4.15167     0.925526
      2.98968     0.328700
      4.26298     0.485117
      4.08790     0.141508
      2.90753     0.639931
      3.41957      1.41951
      5.78463     0.799610
      5.24894     0.738015
      4.96634     0.359921
      4.71445      1.07302
