# z         Log L_0.5-2keV
      1.59000      43.5537
      1.84700      43.4358
    0.0930000      40.4581
      1.62300      42.7237
      2.05300      42.9382
     0.449000      41.4590
      2.22700      42.8121
      2.30300      43.2795
      1.68100      42.7216
      1.57000      42.9576
      1.38500      43.2992
     0.937000      42.7612
      2.39700      43.3913
      1.23100      43.3866
      1.37700      42.9815
      1.32900      42.3728
      2.42100      43.2821
      1.84700      43.0754
      1.31000      42.7655
      2.16200      43.1410
      2.53200      43.4347
      2.57500      43.3999
      1.51100      43.5132
      3.17700      43.3272
      2.15400      43.5504
      1.44400      43.6071
      1.35800      42.5757
      1.43300      43.7318
      2.23100      43.4052
      1.41800      42.5668
      1.55100      43.2218
      2.29800      43.3171
     0.965000      43.2341
     0.528000      42.4188
      3.26400      43.2560
      1.00500      42.7578
      1.00900      42.5466
      1.56000      44.2919
      2.06300      43.5726
      1.02000      42.2231
      2.30200      43.4224
     0.350000      41.2920
     0.678000      42.7612
     0.935000      42.7089
     0.124000      40.4011
      2.94900      43.1643
      2.01800      43.1418
     0.972000      42.8472
      1.93900      43.3521
    0.0490000      39.7650
     0.965000      42.3224
     0.679000      42.0121
      1.84500      42.7219
     0.891000      42.2988
      1.97200      43.2355
      1.24700      42.1727
      2.66800      43.8478
      1.61400      43.5430
      1.43800      42.8900
      2.41500      44.0780
      1.31500      42.9583
     0.889000      42.5390
     0.809000      42.1056
      1.48000      42.8012
      2.20900      43.1220
      2.01700      43.7489
      1.47800      42.5937
      1.95000      43.0428
      1.25800      43.4827
      1.88200      43.4218
     0.998000      42.3170
      1.21300      42.8160
     0.311000      41.1123
      2.91100      43.6998
      2.23100      44.1616
      2.23300      42.8410
     0.673000      42.0621
     0.370000      41.2559
      1.22400      42.8694
     0.370000      41.6488
      1.88300      42.9647
     0.361000      41.2642
      1.65400      43.0089
      1.09200      42.5653
     0.263000      40.9425
      1.93700      42.9208
      2.06600      42.5680
     0.915000      42.5445
      2.53100      43.7414
     0.730000      43.2707
     0.673000      41.9098
      1.32400      42.9388
      1.42300      42.6660
     0.219000      40.9547
     0.969000      42.1960
      2.00400      42.7787
      1.82700      42.7344
      1.17300      42.8199
      1.78400      43.6784
      1.36300      42.8377
     0.772000      42.4552
      1.26500      42.5428
     0.948000      42.1809
      1.64400      42.6896
      3.65000      44.0161
      1.31900      44.2980
     0.894000      42.6585
      1.12500      42.7078
      1.73400      42.6948
     0.621000      42.4754
     0.959000      42.4928
      2.39000      43.7595
     0.478000      41.6517
      1.31200      43.6444
      3.33300      44.1792
     0.787000      42.6236
      2.41000      43.2643
      2.44200      43.2095
      1.88600      42.9016
      1.43500      42.8250
     0.951000      42.1212
      1.14000      43.1157
      1.31900      42.9548
      2.26900      43.4935
      1.66100      43.0329
      2.67300      43.3362
      2.45400      43.2938
      1.91200      42.8984
      1.78100      43.0325
      2.85100      43.2636
     0.437000      42.5551
      1.69700      42.8008
      1.80600      43.0934
      1.83900      42.8525
      1.70500      42.8711
      1.35400      42.4896
     0.925000      42.2455
      2.35000      42.8349
     0.501000      42.9716
      1.53700      42.7895
      2.23500      43.1742
      2.02800      42.7400
      3.18100      43.4194
     0.188000      40.5821
      1.85700      43.1129
      1.85600      42.7024
      2.82500      43.3657
     0.998000      42.2945
      1.02100      43.2289
      1.81400      43.1031
      1.33200      42.4441
      2.24400      43.6407
     0.424000      41.4249
      1.55000      42.7293
      1.31500      42.3094
     0.974000      42.0006
      2.28200      43.2776
      1.91500      42.7898
     0.901000      42.8717
     0.961000      42.3817
     0.324000      41.3339
      1.77000      43.1112
      1.26300      43.1545
     0.862000      42.6654
     0.993000      42.9617
     0.346000      41.2260
      1.15800      42.3328
     0.733000      42.3267
      1.50000      43.6858
      1.46200      42.6662
      2.67500      43.3906
      2.38500      42.9789
      1.31300      43.4756
      2.80400      43.2371
      2.85700      43.2065
      3.36000      43.0967
     0.281000      40.9946
     0.709000      42.1264
     0.902000      41.9513
      1.00100      43.3637
      1.99600      42.6717
     0.425000      41.4049
      2.42000      43.2469
      1.19700      42.6672
     0.933000      42.3136
      2.25500      42.9280
      1.09500      42.5405
      1.25500      42.8584
      2.44700      42.8416
      2.79100      43.9082
      1.23400      42.8900
     0.945000      42.6037
      1.72200      42.5704
      1.59400      42.5813
      1.24800      42.9628
      2.45000      43.4901
      1.10400      42.1328
     0.938000      42.5716
      2.94600      43.1363
     0.983000      42.5257
      1.40500      42.6734
     0.186000      40.8819
      1.75900      42.7208
      2.48500      43.1199
      1.29800      42.4213
      1.17200      42.3530
     0.600000      41.7108
     0.753000      42.2336
     0.893000      42.2845
      2.41200      44.6997
      1.76000      42.7901
      1.26400      42.7873
      3.36000      43.4601
      1.31300      42.5963
     0.216000      41.2145
      3.07200      44.0167
     0.735000      42.3405
      1.17100      42.4401
     0.733000      42.3074
      1.02800      42.4409
      2.68200      43.4552
      2.88800      43.3058
      2.04900      42.9988
      5.31000      44.0720
      2.29000      43.5155
      1.25300      42.6138
     0.127000      40.7901
     0.756000      42.4995
      2.02400      42.8663
      1.18700      43.2632
      2.14700      43.0684
     0.751000      41.9811
     0.373000      41.5773
     0.986000      42.6771
      1.67200      42.6973
      1.98700      42.8216
     0.941000      42.7950
     0.926000      42.2319
      1.75000      42.8764
      3.09200      43.0744
     0.799000      41.7528
      1.11100      42.2693
      3.53700      44.2199
      1.80100      43.0380
      1.07500      42.1984
      1.97200      42.9831
     0.124000      40.4529
      1.49400      43.1171
      1.55100      43.0196
      2.48100      43.7511
     0.367000      42.4897
     0.876000      42.4299
      1.40200      44.1147
      1.26500      42.6585
      1.44400      43.3856
      1.93500      43.8302
      1.90700      42.9023
      2.59800      43.5099
      2.20000      42.9700
     0.864000      42.9366
     0.219000      41.2169
     0.511000      42.4164
     0.530000      41.6805
      1.92700      42.9077
      1.48800      42.5085
     0.186000      40.8199
     0.187000      40.6353
      1.40400      42.7364
     0.725000      41.6394
      3.02600      43.5708
      2.94900      42.8683
     0.828000      42.1069
      1.26900      42.9062
     0.732000      41.9350
      1.08300      43.2134
     0.729000      42.2982
      3.71700      43.6980
      1.75200      43.3734
     0.121000      40.2830
      1.47500      43.1382
     0.219000      41.3836
      1.93300      42.7951
      1.84900      43.1781
     0.999000      42.6490
      2.04100      43.6125
     0.311000      41.3964
    0.0990000      40.3548
     0.703000      42.6345
      1.43900      43.6166
      3.47100      43.3609
      2.65300      44.2020
     0.628000      41.9461
     0.775000      41.9722
     0.995000      42.1116
      1.40800      42.4624
     0.698000      43.8204
     0.427000      42.2966
     0.693000      42.4140
     0.729000      42.1562
      2.07600      43.9163
    0.0830000      39.8628
     0.769000      42.2692
      2.95700      43.0311
      1.38000      43.0977
      1.24100      42.4158
      1.82800      42.9739
      2.97500      43.4718
      1.18300      42.8378
      1.08900      42.5392
      2.84600      43.2340
      2.05400      43.0497
      1.02000      42.1561
      1.49300      42.5888
      1.18200      43.2580
     0.793000      42.1720
     0.599000      41.7240
      1.02200      42.1693
     0.616000      41.8462
     0.335000      41.4343
     0.497000      42.5292
      1.40400      42.4632
      1.62400      42.7679
      1.42000      42.8902
     0.934000      42.3911
      1.25600      42.5012
      1.95100      43.1569
      2.95500      44.3987
      3.79100      43.3365
     0.674000      41.9265
     0.382000      41.1199
     0.354000      41.3241
      1.83700      44.0597
    0.0790000      40.1894
    0.0780000      39.8586
      2.76200      43.2691
      2.49700      43.0678
      3.54600      43.4826
      3.42800      43.5359
      1.59000      42.9713
     0.415000      41.4258
      2.04600      43.0081
      5.04500      43.5518
      1.18800      43.3264
     0.360000      41.3574
     0.829000      42.2822
      1.34000      42.6875
      1.58900      43.4798
      1.95400      43.0334
     0.890000      42.2446
     0.248000      40.9668
      2.05300      43.7571
     0.789000      42.0537
     0.345000      41.2801
      1.48400      42.8490
     0.792000      42.2623
      1.82000      43.7030
      2.14700      42.8628
      1.20700      42.5119
      2.37200      43.8937
      1.63400      43.3483
      2.37700      42.6688
      1.08200      42.5629
      1.33400      43.6434
      2.83600      43.8566
      2.62000      43.4722
      2.64600      42.9630
      1.28400      43.1806
      1.94700      43.4974
     0.196000      41.1445
     0.817000      43.0672
     0.372000      41.7277
      1.93300      43.3349
     0.800000      43.6796
      3.03400      43.2778
     0.678000      42.3024
      2.07100      43.5642
      1.23800      42.7765
      1.33900      43.9147
     0.958000      43.7602
      1.12400      43.0761
      2.68600      43.9407
      1.25900      43.2948
      2.12100      44.1918
      1.78200      43.5201
     0.260000      42.9128
      1.00400      43.1972
      2.04200      43.5844
     0.351000      42.0761
      2.07400      43.4471
      1.85700      43.0298
      1.85200      43.0301
      1.49100      43.2610
      2.45400      44.1610
      2.16900      43.8782
      1.34600      43.7135
     0.271000      42.0115
      1.02900      42.7236
      1.30000      42.7284
     0.678000      42.9258
     0.888000      42.0815
      1.97100      43.1678
     0.554000      42.9167
      1.37000      43.3527
      1.19500      43.2768
      1.18800      43.6110
     0.527000      41.8743
     0.946000      43.0129
      2.06400      43.2602
     0.675000      42.6424
     0.483000      42.1803
      1.86600      43.2915
      1.18700      43.6363
      2.64600      43.5362
      3.74800      43.8365
      3.51200      44.0112
      3.87100      43.7536
      2.44800      44.7106
      2.97600      43.2289
      1.56200      43.5846
      2.05500      44.3712
     0.748000      43.2322
      1.39100      43.2649
      3.48200      43.6759
     0.104000      41.9731
     0.340000      42.9685
      1.44000      43.5281
      1.21400      43.4198
      2.49100      43.2989
      1.37700      43.7120
     0.434000      42.4351
      1.19800      42.7971
      2.50700      44.0713
      1.02500      42.6044
      2.95100      44.1088
      2.23600      43.3185
      1.72500      43.3849
      1.11800      42.3412
      1.67900      44.0170
      1.86200      43.2774
     0.700000      43.3589
     0.772000      42.3131
      1.40600      43.0135
      1.00000      43.5133
      4.45000      43.9804
      1.45500      42.5766
      1.27500      42.6565
      2.80800      43.5974
      2.58900      43.5444
     0.195000      40.8362
      2.59900      43.1522
      1.62700      43.5638
      1.76600      42.9221
     0.893000      43.0510
      1.83400      43.3164
     0.410000      41.6026
      2.59000      43.8951
      1.09000      43.3111
     0.983000      43.2420
      2.17800      43.3972
      1.06300      42.4167
      1.35600      43.3660
      1.73100      42.7142
      1.55500      43.1730
      1.85000      44.3350
      1.82000      42.8449
      2.06400      43.0310
      1.20100      42.4947
      1.28200      42.8448
      2.31400      43.3402
      1.24800      43.2187
     0.123000      40.7272
      2.42300      42.9010
      2.22400      43.0078
      2.81300      43.7347
     0.920000      41.9192
     0.371000      41.7286
      1.57300      43.1807
      1.72300      43.2016
      1.73000      42.6428
      2.62200      44.1441
    0.0720000      40.1081
     0.267000      41.1925
      1.82600      42.5237
     0.910000      42.2285
     0.834000      42.2531
      1.17700      42.5063
      1.32100      43.5244
      1.85400      43.7240
      1.22000      43.7872
      2.45000      43.0621
      1.78400      44.2861
      1.56900      43.8971
      1.24500      43.2345
      1.31500      43.1030
      1.76400      43.9408
     0.738000      42.2372
      1.44000      43.1292
      1.65900      43.4637
      1.45600      42.8897
      3.08200      43.1207
      2.07900      43.2706
      1.36400      42.6878
      2.44800      43.1589
      1.15600      42.8861
      1.03400      42.5208
      1.16100      42.6193
      2.16400      43.0032
      1.49300      43.7630
     0.866000      42.6004
      1.43300      42.8107
      1.71900      43.0724
      2.50300      43.9151
      1.25900      42.5324
      1.36000      43.7787
     0.819000      42.5589
     0.838000      42.4613
      2.93200      43.2537
      1.79000      43.0187
      1.35300      42.6524
      4.21600      43.1103
      1.48100      43.7601
     0.714000      42.6804
    0.0760000      39.6872
      1.24100      44.5036
     0.444000      43.1539
     0.569000      41.9240
      1.84100      44.0198
      1.24800      43.5662
      1.16900      43.1947
      1.98500      42.7094
     0.340000      41.0283
      1.25900      42.3727
     0.667000      42.2096
      1.67300      43.1557
      1.23100      43.5974
     0.730000      41.9550
      1.56600      43.5399
      2.94700      44.0070
     0.530000      42.2537
      1.86100      42.8280
     0.874000      43.3251
      1.03500      43.3016
     0.749000      42.9958
      2.91900      43.0160
      1.35100      43.7675
      5.07000      43.8764
      1.71900      42.6797
      2.09600      43.5174
      1.28600      42.9500
      1.93900      43.5038
     0.735000      42.3925
      1.23300      42.5424
      1.42900      42.7349
      2.22000      43.7085
      2.33500      43.7994
      2.52400      43.5539
      2.94400      43.7453
      1.72700      43.0271
     0.419000      41.6359
      1.44900      42.5409
      2.40600      43.5185
      2.69300      43.4275
     0.375000      41.3483
      2.03100      43.1445
      2.67200      42.8822
     0.165000      41.1431
     0.846000      42.3664
      2.62300      43.1674
      1.26000      42.9125
      1.18900      42.9178
     0.834000      42.8628
     0.421000      41.7507
      3.41400      43.3217
      1.11300      42.8364
      1.36100      43.1436
      1.62500      43.9828
      2.48600      43.1451
     0.830000      42.8024
      1.80600      43.8459
     0.678000      42.3849
      2.67600      43.3531
     0.630000      41.8138
     0.940000      42.3374
      2.53600      43.1735
     0.830000      42.1260
     0.337000      42.4269
      2.41200      43.9251
     0.895000      43.0225
      2.55900      43.2654
      1.37300      42.4028
      1.51900      43.5645
      2.17400      43.1533
      1.34200      43.6306
      2.65400      43.2357
     0.657000      42.2757
      1.30900      42.7804
      1.19300      42.3037
      1.09200      42.7032
     0.826000      42.2139
      3.44700      42.9532
     0.218000      41.0309
      1.13400      43.8510
      2.34200      42.8936
     0.971000      42.7653
     0.711000      42.4545
     0.639000      41.6336
      1.66100      43.6129
      6.84000      43.6306
     0.971000      42.6594
      2.00900      43.1622
      1.66600      43.8131
      1.73300      42.6602
      1.44100      43.3008
      1.37300      42.4393
     0.965000      42.4169
      1.67900      44.3501
     0.550000      41.3540
      2.07600      43.6241
     0.831000      42.7917
     0.323000      41.8093
      1.16500      43.1929
      2.17700      43.2671
     0.442000      42.0146
     0.735000      42.3405
      1.82200      42.5990
      2.09500      42.7478
      1.14900      43.2867
     0.730000      42.8050
      1.84800      43.3472
      3.94900      43.8171
     0.958000      42.0686
     0.958000      42.4710
      1.30300      43.0547
      2.27900      43.1092
      1.86700      43.6020
     0.893000      43.7086
      1.14700      43.3795
     0.946000      42.3590
     0.958000      42.2107
     0.530000      42.3111
      2.44300      43.0676
      1.68100      43.3596
     0.889000      42.4157
      1.76000      43.1061
     0.262000      41.2033
     0.497000      41.7839
      1.86400      43.5505
     0.168000      40.5996
     0.623000      43.5780
      1.82700      42.6393
      2.02100      43.8554
      1.00100      42.3966
      1.60100      42.5796
      1.12000      42.8394
      2.12500      43.0948
     0.673000      42.3118
      1.46600      42.7110
      1.50600      42.6590
      2.38600      43.5457
      2.37900      43.3965
     0.355000      41.1526
     0.346000      42.0986
     0.623000      42.7496
     0.760000      41.9429
      1.07800      43.0792
      1.16100      43.3978
      2.02600      44.4393
      1.86900      43.0796
      1.26600      42.9705
      2.92900      43.4420
      2.36500      43.2235
      2.93000      43.4517
      1.91400      42.9531
      1.11000      42.8537
      1.13300      42.2533
     0.679000      42.5642
      1.41100      43.0896
     0.910000      43.6079
     0.707000      42.7102
     0.124000      40.2657
     0.415000      41.2695
      2.30900      43.6157
      1.44400      43.4776
     0.219000      40.7112
      1.75500      42.7197
     0.958000      43.0288
      1.22000      42.9580
      1.98000      42.8708
      1.57100      43.6899
      2.62200      42.8563
      1.75000      43.2604
     0.753000      41.7702
      1.18200      41.9812
      2.05100      43.8939
      4.25500      44.0354
     0.373000      41.8484
      2.18800      43.7627
      2.61100      44.3792
     0.340000      42.0771
      1.26000      42.6815
      1.10300      42.0136
      1.11500      42.8204
     0.728000      41.9935
      2.54800      43.0770
     0.354000      42.7639
     0.349000      41.3751
      1.86300      43.6683
      2.61300      43.4929
      1.62300      42.8186
      2.83800      43.4971
      1.85300      42.9458
      2.26600      43.7820
      1.05200      42.7182
      1.69400      43.2992
      1.15600      44.6739
      1.17000      42.8004
      1.04200      42.4896
      1.18700      43.8726
      2.43500      43.5348
      1.79300      42.7207
     0.952000      43.0413
     0.339000      42.5497
      2.21900      42.8231
     0.883000      42.1212
      3.08600      43.9630
     0.359000      41.5382
     0.633000      42.0475
      1.21100      43.5186
      1.39100      42.3842
     0.763000      42.6366
      1.02400      44.6468
      1.62300      42.8833
      3.31000      43.5673
      1.77700      43.0523
      2.68300      43.2471
      2.57600      43.7215
      1.75300      44.4056
     0.955000      42.9776
     0.958000      43.0994
      1.11600      42.7198
      1.24500      42.5756
      1.98800      42.7133
      1.49400      42.6509
     0.955000      42.2948
      1.68900      42.8458
      1.22500      42.8027
     0.914000      42.4923
      1.05300      42.9328
      1.91700      43.2328
      2.17700      42.7999
      2.22600      43.7270
      2.04400      42.9768
      2.04800      44.0069
      1.70500      42.7965
      1.81900      42.8032
     0.686000      43.2636
      3.37100      43.6200
      2.27600      44.1393
      3.03300      43.4609
      2.19900      43.7018
      2.19800      43.7993
     0.812000      41.9697
      1.92100      43.9948
      1.84800      43.1288
      2.80200      44.1873
     0.991000      42.3847
      1.09100      42.9861
      3.05300      43.1772
     0.133000      40.3875
      1.63500      43.1875
     0.125000      40.4312
      3.06300      42.9442
     0.659000      42.3951
      3.29500      43.2966
      2.93600      43.3198
      2.19400      43.7871
      1.36900      42.6745
     0.352000      42.7050
      2.25000      43.5774
      3.49900      43.9810
      2.08400      43.0080
     0.552000      42.9852
      1.44600      43.2329
      1.27200      42.8414
      2.01800      44.1896
      1.77800      42.6137
      1.24600      42.2609
      2.49800      44.4231
      2.44400      43.0335
      1.77600      43.0730
      2.40400      44.1799
     0.622000      43.0323
      2.68800      43.3267
     0.930000      42.3696
     0.893000      42.9692
     0.987000      42.7464
      1.33200      43.0550
      1.69700      43.3057
      1.03300      43.4179
      2.26400      43.4859
      3.96000      43.7289
     0.304000      41.4982
     0.691000      42.0174
      2.13600      43.7458
      2.93500      43.5278
      1.60600      42.8720
    0.0300000      39.1696
     0.372000      43.8300
      2.43900      43.7772
      1.82600      43.7813
      2.58400      43.3702
      1.51900      42.7729
      1.17800      43.8338
      1.59100      43.2376
      1.55700      42.9050
     0.893000      42.5397
      1.92300      44.0191
      1.10900      42.1608
      1.57800      42.7186
      3.18900      43.4001
     0.438000      41.6187
      1.59000      42.2065
     0.732000      42.0985
      2.67100      44.1650
      3.14400      43.2255
      1.63900      43.0580
     0.360000      42.1738
     0.374000      41.4966
      1.17100      43.6237
     0.838000      43.0336
      2.13400      43.7101
      1.10300      42.2783
     0.166000      40.9090
     0.850000      42.8507
     0.916000      43.6447
      1.23800      42.7227
      1.57400      43.4984
      1.48300      44.0655
      1.84900      42.7105
      2.34700      43.9887
     0.528000      42.8954
      1.20300      42.1815
      1.60800      42.9765
     0.840000      42.8284
      1.37500      43.1374
     0.667000      42.5360
      1.40900      42.7973
      2.06600      43.5311
      2.08300      43.5073
    0.0790000      40.4730
      1.94100      43.1769
      2.41700      42.9707
     0.865000      42.8780
      2.37700      43.1810
     0.447000      41.7591
      1.37300      42.9042
      3.33000      43.7866
      1.04700      42.4507
      1.96400      42.7608
      1.53700      43.4807
      2.06200      43.7508
      1.64900      43.3380
      2.27900      44.1167
      1.39900      43.4381
     0.394000      41.8211
      1.12100      43.0114
      2.17900      43.9790
      1.86900      43.2990
     0.460000      42.0262
      2.17700      43.9573
      1.51500      43.6815
      1.60200      43.3181
     0.985000      42.8941
      1.72900      43.6786
      2.21300      44.5418
     0.762000      42.5930
      2.12300      43.2851
      3.47100      44.1161
      1.71900      43.2357
     0.934000      42.8053
      1.81300      43.2921
      2.97000      43.6243
      1.16200      43.5744
      1.12300      43.4253
      3.34500      44.0695
      2.93700      44.6218
      2.09000      43.4460
      1.81200      43.5462
     0.376000      43.1941
     0.133000      42.5149
      1.12500      42.8663
     0.360000      42.9158
     0.378000      42.9301
      2.15000      43.6550
      1.02800      43.5851
      1.37200      43.2921
      2.01700      43.6557
     0.711000      42.7142
     0.864000      42.6651
     0.905000      42.9987
     0.550000      42.9659
     0.731000      42.9885
      3.01000      43.6462
      1.03500      42.6415
      1.08500      42.7979
      1.37200      42.9150
      1.19100      42.9953
      1.53000      44.2804
      1.02400      42.5178
      1.42600      43.1303
      1.24200      42.3364
      1.65000      43.9797
      1.90700      43.0317
      1.42000      43.0412
     0.346000      43.7799
      1.13700      42.9307
     0.962000      42.4112
      2.70400      43.9855
      1.25800      43.6939
     0.686000      43.2404
      1.18000      42.9959
     0.734000      42.8188
      2.14700      43.6286
      2.90900      43.3942
     0.658000      43.0145
      2.45000      43.5547
      1.40600      43.8980
      1.62600      43.5522
      1.47800      43.7582
      1.74300      43.5404
      1.02200      42.5699
      1.97400      43.7950
      2.88700      43.9656
      2.16400      43.4713
      1.32300      43.4711
      1.26000      42.8288
      1.76200      43.0744
      2.05500      43.6045
      2.28800      44.3625
     0.961000      43.5312
      2.15900      43.3116
      1.92700      43.4337
     0.837000      42.5443
      3.15500      43.7821
      1.45600      42.9502
      1.79600      44.2633
     0.850000      43.7268
     0.560000      43.0029
      1.25700      43.3487
     0.424000      42.9487
      2.81000      43.4125
      2.28300      43.8616
     0.125000      40.4663
     0.843000      43.2338
     0.548000      42.2560
     0.976000      42.8090
     0.669000      43.6605
      1.17100      43.6981
     0.329000      41.4086
      2.32500      43.3687
      1.54100      43.5627
     0.967000      44.0390
      1.96100      43.2305
      1.51800      43.7651
      2.01600      43.6658
     0.899000      43.1888
     0.889000      42.7875
      1.45700      43.3704
      1.45400      44.4114
      1.23600      44.4967
     0.490000      41.6884
     0.909000      43.5635
     0.938000      42.8977
     0.909000      42.6769
      2.73500      43.9006
     0.363000      41.7527
      1.18900      43.4979
      4.10800      44.5647
      1.52800      43.4594
      1.02100      43.2507
     0.740000      42.7191
      1.13100      43.7926
      1.12200      43.2743
      1.51700      44.0182
      1.12200      44.3686
      1.12700      43.3947
      2.09700      43.4723
     0.658000      43.1185
      1.53300      42.9893
      1.05400      43.1459
      1.10100      43.4544
      3.29700      44.0062
     0.943000      43.4122
      2.69200      43.4955
     0.764000      42.1250
      1.58200      42.8636
      3.01700      43.9560
      1.78700      43.8826
     0.931000      42.6540
      1.84600      43.6976
      1.79600      43.8091
     0.786000      42.9268
     0.625000      42.5781
     0.667000      42.4117
     0.882000      43.6511
     0.968000      42.9377
      1.41500      42.6799
     0.971000      43.7084
      1.69800      43.0216
      2.14900      43.2754
      1.68300      42.8581
      1.29800      43.2803
      2.01000      43.6109
     0.406000      42.5888
      1.63900      43.8472
     0.876000      42.6757
      1.80800      43.7562
     0.945000      42.7946
      1.99800      43.5500
     0.827000      43.2539
     0.879000      43.1049
     0.868000      42.9437
      1.59600      43.8288
      1.52000      43.2314
      3.10000      44.2910
      1.00300      43.1191
      1.08000      42.7593
      1.32000      43.4502
     0.698000      42.5005
     0.220000      41.5493
     0.728000      42.4470
      1.02600      42.5001
      1.45800      43.9026
      1.31800      43.0503
     0.720000      43.0139
      1.79700      43.3273
      1.79800      43.8251
      1.54100      43.3904
     0.958000      42.1861
      2.08200      44.0546
     0.508000      41.4644
     0.972000      42.2279
      2.15200      43.7620
      2.05000      43.3660
      2.79800      44.0312
      2.11100      44.0871
      1.70800      44.1968
     0.880000      42.1125
      2.15100      43.7589
      2.50800      43.3127
      1.18900      43.5576
     0.483000      41.9367
      2.03200      43.3488
      1.59300      42.9298
      1.51400      43.7877
      1.77400      43.7080
      1.37100      42.9436
      1.02000      42.5236
     0.894000      42.2976
     0.237000      41.8274
      1.00000      42.4204
      1.83600      44.0272
      1.27100      43.4668
      1.08100      42.9695
     0.904000      43.0593
     0.838000      43.2153
      1.95000      43.1069
      1.45500      43.5624
      2.02200      43.6455
      1.34300      43.6312
      1.94300      43.6070
      1.49000      43.3532
      1.29500      44.2210
      1.77900      43.1511
      1.40700      44.3894
      1.47800      43.1479
      2.57100      43.2268
     0.892000      42.5350
     0.666000      42.2162
      1.55700      43.4628
      1.23300      42.8239
     0.677000      42.6169
      2.51000      43.2087
     0.580000      42.8450
      1.00200      42.5491
      1.91400      44.0034
      1.17400      42.5540
      1.95100      43.8023
     0.518000      42.6834
     0.218000      41.2591
      1.43600      43.7613
      2.09900      43.6674
      2.30800      43.6197
      1.04200      43.8466
      2.74100      43.1425
      1.83600      43.9323
      2.68200      43.6270
     0.329000      42.5419
      1.28100      43.6324
     0.826000      43.6717
     0.349000      42.3952
     0.124000      41.4278
      1.27800      43.1833
      2.02000      43.9905
    0.0610000      40.0704
     0.885000      42.4081
      3.32800      44.0747
     0.668000      43.3080
      3.46400      43.3018
      1.36900      43.5504
      2.03000      44.7559
     0.986000      43.6402
      1.29900      43.0240
     0.618000      42.4318
      1.36800      42.5944
     0.894000      43.3171
      1.77600      42.9124
     0.425000      41.9773
      2.66100      43.4107
      1.39300      43.1650
      2.45900      43.4367
      2.47900      43.2990
     0.121000      41.2889
      2.04500      43.1241
      1.51200      43.8758
      2.04300      43.2668
      2.38200      43.0205
      1.67400      42.8845
     0.969000      42.3270
      1.20700      43.1608
      2.82100      43.0807
      2.08500      43.6663
     0.353000      41.7884
     0.621000      43.2573
     0.954000      42.5531
     0.479000      42.5954
     0.950000      42.0073
     0.839000      42.2455
      1.11700      42.6179
      1.97700      43.2638
      3.06500      43.5939
      3.68100      43.7472
     0.979000      43.9018
     0.670000      42.1124
      3.29700      43.6388
     0.936000      42.4035
      3.37200      43.7719
     0.828000      42.0902
     0.859000      42.2355
      1.65700      43.1092
      1.64000      42.6278
      1.97600      42.5941
      1.63800      43.4754
      3.19100      43.2789
     0.742000      42.2862
     0.976000      42.4287
      1.32000      42.8131
      2.11300      43.1317
      1.11300      42.6270
      2.54800      43.5174
     0.728000      43.4744
     0.925000      42.6713
      1.39600      43.2087
      2.41000      43.4921
      2.88800      43.5823
      2.88300      43.1125
     0.891000      42.8526
      2.89000      43.5792
     0.110000      40.6508
      2.47500      44.0875
      2.56900      42.9297
      2.90000      43.4019
      2.31000      43.3345
      1.75200      42.9738
      2.96200      43.3231
     0.866000      42.4962
      2.52400      43.2135
      1.48200      43.3548
    0.0440000      40.6486
      1.12100      42.6169
      2.91800      43.7854
      1.16900      42.5123
      1.77200      43.0530
      3.42600      43.4670
     0.907000      42.9422
     0.404000      42.5229
      1.76900      43.0239
     0.696000      43.3273
      2.76600      43.6948
      1.84500      43.0897
     0.371000      41.5600
      2.08500      42.8316
      1.24000      42.8508
      1.00800      43.1310
      2.24700      43.6849
      3.02900      43.9745
     0.781000      42.0192
      1.98000      43.1003
      2.15500      43.1835
     0.926000      42.9026
      1.14700      42.5279
      1.94700      43.2004
      1.77800      42.6498
      1.17800      42.5981
     0.814000      42.3322
      1.72000      42.9729
      2.15800      43.2225
     0.688000      42.7242
      1.25800      42.4827
     0.361000      41.7192
     0.899000      43.0971
      2.64900      43.3460
      4.66000      43.9358
      1.67300      43.0804
     0.122000      40.2584
      3.47800      43.2257
      2.16400      42.9703
      2.47400      42.7315
      2.33000      43.3586
     0.979000      43.6923
      2.65200      43.3151
      2.00700      42.9812
      1.44200      42.7519
     0.758000      42.1827
      1.51400      42.4591
     0.775000      42.1853
     0.727000      41.7453
     0.907000      42.0350
      2.68400      42.9169
     0.918000      42.5088
      1.79600      43.1889
      2.07900      42.9903
      1.99100      43.4742
     0.342000      41.2391
     0.344000      41.2278
      4.03200      43.7533
      2.15000      43.0131
      1.10900      42.7539
      1.40500      42.7889
      1.84400      43.0251
      1.57900      43.0472
      1.67600      43.1507
     0.354000      41.5822
     0.884000      42.0036
     0.885000      42.0971
      3.07500      43.9176
     0.946000      42.3553
      1.91900      43.1031
      2.99000      43.3671
      2.41400      42.9398
     0.819000      42.1645
      2.09300      42.8931
      2.10100      43.5544
     0.859000      42.1173
      2.10500      42.8222
      1.24500      42.5756
      1.34900      42.9755
     0.687000      41.9220
      1.66900      42.5354
      1.83100      43.9128
      2.06300      42.5706
      1.61700      43.0172
      1.15500      42.6643
      1.59800      44.4086
      2.84400      43.4495
     0.979000      42.3635
      1.73200      42.7421
     0.667000      42.0074
      3.85200      43.2177
     0.185000      42.2896
      1.09700      42.4577
      1.31400      42.7565
      2.11000      42.7750
      1.58700      42.6966
      1.21500      42.4479
     0.210000      41.1709
      1.46300      42.8582
      2.37200      43.5434
      3.01500      43.5592
      1.53800      42.6130
      2.31300      42.9460
     0.491000      41.5726
     0.347000      41.8242
      1.93200      43.9915
      1.26900      42.3778
     0.736000      41.8806
     0.656000      42.3187
     0.124000      40.7083
     0.373000      42.0430
      2.14600      43.6620
      1.84100      43.4495
      1.24000      42.8715
      3.09000      43.4453
      1.84300      43.1089
     0.838000      42.6810
      1.58100      43.1174
      2.57200      43.6052
      1.26500      42.1703
      1.05800      42.4278
      1.29700      43.3236
      1.43800      42.7163
      1.81700      43.7222
      1.25600      43.0133
     0.962000      42.0354
     0.373000      42.6838
     0.930000      42.1410
      4.92000      43.9026
     0.976000      42.4568
      2.48300      43.9069
      1.20900      42.4690
     0.891000      43.6942
      1.44400      42.8005
      2.09100      43.1827
     0.913000      42.5606
      1.80200      44.2895
      1.38800      42.7908
      2.50900      43.2816
      3.32800      43.4032
      1.16500      42.3303
     0.895000      42.3258
      1.83500      43.6672
      1.09500      42.3815
      3.09500      43.5622
      1.93600      43.9317
      3.71500      43.7548
     0.911000      42.4444
     0.936000      43.0002
      1.86900      43.4906
      1.33000      43.3114
     0.739000      42.9779
      2.12200      43.5916
      1.20200      43.2673
     0.265000      41.4185
      1.10300      42.2021
      2.89700      43.6171
      3.17800      43.1749
      1.26000      42.3439
     0.123000      41.0879
     0.879000      41.8855
      1.52900      42.8084
      2.17900      43.8812
      2.50100      44.2721
      2.47300      43.1044
      1.42200      42.5648
      1.28800      42.6473
     0.904000      42.2509
      2.47800      43.3054
     0.703000      41.6362
      1.52000      43.4719
      1.71500      43.0208
     0.743000      42.1302
     0.221000      41.1926
      1.02800      42.6759
      1.66000      42.9701
      2.91400      43.5470
     0.751000      42.0829
     0.937000      42.4378
     0.745000      42.9761
     0.348000      41.6973
     0.437000      41.6609
      2.19900      43.0061
     0.606000      42.0891
      1.98400      43.5570
     0.955000      43.4389
      1.56900      43.2557
      1.42300      43.2995
     0.659000      42.7879
     0.334000      41.6679
      2.61200      43.4535
     0.955000      42.8611
     0.562000      41.7703
      1.43700      42.7097
      1.43800      42.7608
      1.09700      42.2127
      1.00600      42.4561
     0.839000      42.3500
      2.00300      43.3423
     0.521000      43.1837
      1.76000      43.0936
      1.56600      42.8657
      1.24800      44.0744
      1.24700      42.4937
     0.995000      43.6824
      2.45500      44.3742
     0.518000      42.3172
      1.74700      43.5900
      2.47000      43.3599
      1.27400      43.4144
     0.439000      42.8269
      1.31700      42.4409
      1.60400      42.6182
     0.845000      43.5713
      1.90500      42.7951
      2.11300      44.0345
      2.14700      44.1719
      1.23100      43.3407
     0.946000      43.0249
      1.71100      43.3817
      2.10100      44.0166
      1.94100      43.6972
      2.29300      43.1483
     0.549000      42.7525
     0.438000      42.7345
      1.96600      44.6451
     0.480000      42.4308
      2.35000      43.4920
      3.06200      43.7651
      1.50200      43.2737
      1.26000      42.7801
      1.72300      43.0787
      1.33500      43.2425
     0.596000      41.9988
      1.90000      44.0108
      2.03000      43.3050
      2.84100      43.5415
     0.677000      43.0311
      1.42800      43.0214
      1.16400      42.8514
      2.00600      43.6108
      1.68200      43.4599
      1.35000      43.8056
     0.599000      42.8619
      2.62200      43.4728
      2.49800      43.7589
      1.36500      43.8988
      2.58500      43.6887
     0.364000      44.0345
      1.44900      43.0834
      1.48500      43.9355
      3.02300      43.8561
      1.01300      42.2806
     0.301000      41.9830
      1.33900      42.6580
      1.68900      43.7240
      1.98100      43.0768
      2.22000      43.5634
      1.48300      43.2836
      1.27600      42.6186
     0.504000      41.6439
     0.285000      41.0692
     0.988000      43.0400
     0.297000      42.2019
     0.979000      43.4388
      2.25500      43.8664
      1.43300      43.4786
      2.85300      43.2709
      1.76600      43.4783
      1.16000      44.4586
      1.50000      43.2414
      1.66300      44.1266
      1.47000      43.7639
     0.334000      41.1218
     0.504000      42.3388
      2.52000      43.8626
      1.02900      43.7601
      1.10600      43.5364
      2.43000      43.3828
      1.63000      42.7582
      1.42400      42.6933
      1.23400      42.3858
     0.481000      43.1246
      2.65500      42.6777
      1.15000      43.8756
      2.07800      43.5510
      1.63800      42.5129
      2.21400      43.8223
      1.66200      43.5149
     0.908000      42.3160
     0.835000      43.3308
     0.926000      42.6944
      1.24200      42.8662
     0.967000      43.1797
      1.51300      42.7568
     0.893000      41.8460
      1.26600      43.1798
      2.64900      43.2835
     0.967000      42.6219
      1.96500      42.8738
      3.34300      43.7131
      3.09800      43.8979
      1.06600      42.6000
      1.04200      42.9716
      1.17100      43.6412
     0.775000      43.1272
      2.73500      42.7857
     0.133000      40.7754
     0.851000      43.8277
      1.03100      44.3683
      2.73100      43.0739
     0.972000      43.0583
      1.59900      42.9636
      1.14700      43.0539
      2.54600      43.4630
      1.52400      43.2829
     0.813000      42.8682
      1.97100      43.4697
     0.776000      42.1338
      1.04000      42.7367
      1.43700      43.0040
      1.23400      42.3617
      2.04800      43.2651
      1.51800      43.0740
     0.893000      42.5932
      1.61700      43.6614
     0.976000      41.7520
     0.748000      42.0784
      1.33800      42.8765
      2.20300      43.7470
      2.96800      43.5002
      1.66800      43.1152
      1.13000      42.7951
      1.71000      43.9229
     0.623000      41.9254
     0.815000      43.1398
      1.81300      42.9033
      1.58700      43.3939
      3.24400      44.2283
      1.53100      43.0785
      1.75800      42.9904
      2.40800      44.0110
      1.47500      42.8657
      1.63200      43.0734
      1.23300      42.5168
      1.42600      43.1930
      1.28500      44.0218
      2.00600      43.5114
      1.31600      43.0515
     0.742000      42.3029
      1.34000      42.3628
     0.643000      42.3231
      1.54300      43.2048
     0.886000      42.9949
      1.24700      43.4241
      2.90000      43.4398
     0.720000      42.5067
     0.626000      41.8095
      1.77900      43.3871
      1.64900      43.1360
     0.684000      42.5893
      1.81800      43.9241
      3.28600      43.6951
      1.71600      43.4713
      1.16000      44.0845
     0.948000      42.6401
      1.14600      42.8082
      1.10800      44.0045
      1.14300      42.9927
     0.669000      42.3283
      2.85300      43.7106
      2.73500      43.9404
      1.09800      43.0726
      2.25100      43.4634
      1.04900      42.5271
      2.27500      43.7825
     0.893000      43.0817
      1.66400      42.6786
      1.36100      43.8922
     0.736000      42.8806
      1.90200      43.4887
      1.59500      43.2520
      1.77200      43.2236
     0.236000      40.7168
      1.00000      42.4706
      1.62000      43.0056
      1.40500      43.4815
      2.82800      43.6455
     0.723000      41.8362
      1.91300      43.2921
     0.957000      43.1699
      1.26300      43.3294
      2.02800      43.3211
     0.833000      42.8980
     0.832000      42.1932
     0.973000      43.0085
      2.90200      43.4557
      1.12400      42.2865
      1.23400      42.4144
      1.42700      42.7769
      1.96200      42.9674
      2.31400      43.6154
      2.23400      43.5330
      2.25300      43.4582
      1.73400      43.1008
     0.186000      41.1153
      2.92100      44.0009
     0.972000      43.0896
      1.49200      43.0550
      1.54100      43.9163
     0.425000      42.0586
      2.46000      43.6388
      1.26100      42.4763
      1.88300      43.4401
      2.32300      44.3640
      1.40600      42.4438
      3.32000      43.9393
     0.743000      42.1369
      1.01000      42.8099
      1.91000      43.2474
      1.16000      42.3531
     0.899000      43.2985
      1.49800      42.5890
      1.42500      42.7878
      1.26400      42.5969
      2.18000      43.0411
      1.52700      44.0629
      1.43000      42.4389
      1.44100      43.3837
     0.811000      43.2441
     0.326000      42.0557
      1.65000      42.6268
     0.673000      41.4519
      1.41400      43.8449
     0.930000      42.4251
     0.465000      42.0026
     0.556000      42.4498
      1.79300      43.5746
      1.40500      43.1117
     0.702000      42.1392
      1.06900      42.6871
     0.518000      42.9959
      1.10100      42.9079
     0.977000      43.4201
      2.04600      43.5247
     0.865000      42.7177
      1.23100      43.8260
      1.08900      43.7506
      1.59200      44.5021
     0.369000      42.8753
      1.94700      43.5494
      1.31200      42.8030
     0.622000      42.8586
     0.519000      42.4394
     0.878000      42.6332
      1.22200      42.7168
      1.72200      43.6782
      2.00600      43.0494
     0.248000      42.1172
     0.646000      42.5866
     0.585000      42.2095
      3.17600      43.7877
      1.12700      43.2247
      2.20400      43.7533
      1.57300      42.9836
      1.27100      42.8132
     0.415000      41.3991
      1.24600      44.1787
      1.76200      43.4262
     0.696000      42.0006
      2.19300      43.3055
      1.24000      43.0510
     0.885000      43.5751
      1.59300      44.0202
     0.627000      43.6030
     0.586000      42.4183
     0.579000      42.8144
      1.39500      42.5000
      1.51300      44.2578
     0.445000      42.2819
      1.44500      42.5040
     0.680000      42.7812
     0.834000      42.2362
     0.748000      42.2116
     0.755000      42.2164
      1.26300      42.7865
      1.11100      42.2767
      1.50600      44.3033
      1.41900      42.6303
     0.782000      42.2095
     0.301000      41.4889
      1.19000      42.7397
     0.796000      42.0629
      1.59900      43.4640
      2.90200      43.3021
     0.936000      42.0659
      1.76200      42.9887
      1.82700      43.2604
     0.424000      41.5965
      1.26800      42.9548
      1.33900      43.2712
      1.51800      43.7013
     0.979000      43.2561
     0.926000      43.8339
      2.20600      43.9488
      1.15800      42.1788
      1.23400      43.7193
     0.979000      43.4469
      1.80400      44.4147
      1.26900      42.7753
      2.14600      43.5266
      2.84500      43.7801
      1.65700      43.3052
      2.59200      44.3035
      2.31900      43.1017
      1.38800      42.8060
      3.49700      44.0136
      1.47000      43.7955
      1.20400      43.6746
      1.56100      43.9023
     0.558000      42.6936
     0.948000      43.1999
     0.559000      42.7505
     0.582000      43.6653
      1.47000      44.9783
      1.75800      43.4742
      1.21400      43.7343
      1.02400      42.4766
      1.43000      43.2868
      1.09900      43.7167
     0.848000      42.1025
     0.607000      42.5013
     0.665000      43.0919
      1.94100      44.0002
      1.20800      43.1516
     0.103000      41.5367
      3.64100      43.8326
      1.15200      42.6482
      1.63300      43.6507
     0.587000      42.4890
     0.468000      42.0740
      1.17600      42.1974
      1.19800      42.7333
     0.741000      43.5574
      1.18100      42.6144
      2.04900      43.5427
      1.03100      43.1616
     0.518000      43.7269
     0.583000      42.7020
      1.69200      43.8249
     0.813000      42.9708
      1.23600      42.2051
      1.27300      43.1432
      1.79000      43.8251
     0.864000      42.8661
      1.46400      42.6728
     0.668000      43.0469
     0.269000      42.7762
      2.18700      42.9221
      2.49700      44.7337
      1.31700      43.9534
     0.372000      42.3323
      1.17500      43.3086
     0.681000      42.5423
      1.30800      42.8785
     0.694000      42.2136
     0.690000      42.1746
      1.27400      43.1244
      1.75700      43.9978
      1.05100      43.8644
      1.12900      42.9769
      2.38900      44.1262
      1.10900      42.2750
      2.77200      43.7556
      1.65900      42.9382
      2.57700      43.7931
      1.27800      43.4152
      2.98700      43.7858
      2.70200      43.1191
      1.82200      43.8361
      2.48000      43.7258
      1.39900      43.8766
      1.09400      42.3807
      3.46000      43.5064
      1.60900      42.7978
     0.447000      42.2572
      1.12400      43.0551
     0.309000      40.8653
      1.44900      43.0116
      3.56700      43.8619
      1.50100      43.1620
      1.25100      42.8483
      1.26000      43.5193
     0.971000      43.5366
     0.771000      42.6041
      1.74600      43.0599
     0.914000      42.9421
      1.75400      43.8101
      1.20300      42.4894
      2.58400      43.1365
     0.969000      43.4373
      1.41600      43.4045
      1.53500      43.4269
      1.33800      43.5107
     0.858000      43.1495
     0.638000      42.4937
      1.47400      43.2761
      2.34100      43.3503
      1.42900      44.0985
      1.59700      43.8504
      1.58800      43.2574
      1.69700      42.7050
      2.01400      42.5395
     0.422000      42.1346
      1.78600      42.8988
     0.537000      42.4364
      1.78400      43.9709
     0.309000      41.6522
      2.61500      43.6844
     0.904000      42.7766
      3.15100      43.8997
      1.09000      43.3684
     0.886000      42.8724
      1.52300      42.6127
      1.10800      43.0955
      1.17500      45.2720
     0.822000      42.2934
      1.14100      44.4667
      1.94800      43.5964
     0.573000      42.7803
      1.47200      45.2632
      1.28300      42.8011
      1.06700      44.1760
    0.0540000      40.4013
     0.915000      43.4933
      1.98000      43.4388
      2.24500      43.7470
     0.927000      42.6589
     0.957000      42.7592
     0.982000      42.5394
      3.64900      43.8924
      1.09200      43.0335
      1.09000      42.6140
      1.92300      43.1728
     0.731000      42.8185
     0.982000      42.3880
     0.949000      42.6006
      3.74800      43.7621
     0.166000      40.6771
      1.45700      42.7527
      2.89900      43.6445
     0.978000      42.6395
    0.0440000      40.4237
     0.967000      42.7271
      2.10500      43.1587
     0.177000      40.8335
      1.95200      43.7344
      1.96400      44.1783
      1.06700      42.7701
      2.00700      43.8335
      1.37200      42.6679
      2.38000      43.6960
      1.41400      43.5022
     0.854000      43.3842
      2.08400      43.4817
     0.594000      42.2858
     0.315000      41.7422
     0.659000      42.7246
      2.34600      43.2801
     0.317000      42.1937
      3.30300      43.5262
      1.04100      43.1202
      1.28400      42.8306
     0.741000      42.0330
      2.07900      44.0116
      2.64100      43.2223
     0.273000      41.4690
      2.80600      43.8840
      1.44700      43.1998
     0.921000      42.6728
      2.48900      43.3383
     0.349000      41.5365
      1.54500      44.0802
      1.49300      42.9488
      1.74800      43.6393
      1.76200      42.9761
      2.02200      43.6376
      1.16700      43.0937
      1.17300      43.0748
     0.956000      42.0401
      1.16100      43.6332
     0.345000      41.3734
      1.98000      43.2652
      2.58200      43.1266
      2.40200      43.9250
      2.05900      43.2580
      2.41900      42.8855
      1.07100      42.7579
     0.958000      42.0248
      2.62400      43.1826
     0.662000      41.8706
      1.46500      43.6436
      1.00600      43.4331
      1.97700      43.2602
      2.14100      43.7022
      1.99000      42.7345
     0.502000      41.4723
      1.57400      42.8444
     0.867000      42.3033
      1.16400      43.9598
     0.961000      43.0358
      2.02400      43.6768
      2.00600      43.6478
     0.947000      42.2803
      2.65700      44.2387
      2.44400      43.7616
     0.303000      41.3860
     0.324000      41.0547
      2.53600      43.9578
     0.735000      44.1308
      1.94900      43.3023
      2.22000      43.6883
      2.25000      43.4600
      1.09100      42.2260
      1.23600      43.0010
     0.845000      42.9727
      1.12200      42.3297
      4.12200      44.4268
      1.42800      43.3192
     0.345000      43.3682
      1.16800      43.0213
     0.693000      43.4751
      1.85800      43.8274
     0.690000      43.4180
      1.95400      43.5225
     0.950000      43.6086
      1.47000      42.9262
     0.419000      42.3397
      2.02500      43.3702
      1.60300      43.8990
    0.0920000      40.5072
     0.849000      42.7875
      1.74400      42.7325
     0.471000      42.1412
     0.387000      41.4962
      2.20700      43.6019
     0.936000      42.9371
      1.07200      43.1081
      3.24600      43.7559
     0.899000      42.3133
      1.17800      43.4789
      1.94300      42.9112
      1.01200      42.1722
      1.28200      42.5757
     0.509000      41.7554
     0.760000      42.4736
    0.0490000      39.6253
     0.267000      41.1021
      1.13800      42.8629
      1.25800      43.0731
      1.60700      42.6422
      1.97700      42.8998
     0.437000      41.4236
      1.91100      42.9824
      1.25600      42.2833
      1.46000      42.6909
      2.70100      43.3512
      1.27400      42.7159
      1.96600      42.7583
      2.56600      43.4214
      1.24300      42.5236
     0.801000      42.1652
      3.07600      43.6090
      2.98200      43.3968
     0.618000      42.0553
     0.121000      40.2699
      1.64800      42.8033
     0.654000      41.9186
     0.904000      42.3592
      1.74900      43.2820
     0.355000      41.0882
     0.878000      42.2873
      1.01300      42.6691
      3.29200      43.5391
      1.98000      43.1123
      1.52600      42.6320
     0.965000      42.0656
     0.865000      42.5535
      1.46000      42.7072
     0.366000      41.4509
      1.44800      42.6589
      2.03100      43.7231
     0.161000      40.6783
     0.876000      42.2427
      2.04400      43.0203
      2.77000      43.5577
      1.77200      42.9734
      4.44500      44.1251
      1.41100      42.6675
      1.33600      42.1458
      2.00500      42.9445
      1.93000      43.3860
      1.22800      42.8011
      1.35500      43.2628
     0.835000      41.8338
     0.105000      40.1562
     0.609000      42.0305
      2.23500      43.2622
      1.39000      42.6357
      1.04800      42.7180
     0.361000      41.6959
      1.10800      42.3264
      2.79200      43.3796
      1.44600      42.4969
      2.63600      43.2333
      2.44100      43.2288
      1.76400      43.0278
     0.351000      41.7239
      2.31300      43.3522
     0.302000      41.7161
      1.69000      42.5871
      3.35500      44.2948
      1.71700      43.0714
      2.62100      43.2034
      1.25800      42.9046
     0.968000      42.5786
      1.38500      42.3444
      2.32900      43.4007
      1.48700      42.6011
     0.123000      40.7784
      3.14600      43.2794
      2.04800      42.9166
      1.97900      42.9090
      1.25200      42.7827
      2.54900      43.2534
      1.99400      42.8929
     0.896000      42.4979
      1.32900      42.8050
     0.725000      42.0007
      2.00000      43.0641
     0.597000      42.1674
      1.01900      43.0249
      1.41100      42.8844
      1.56000      43.1593
      1.02300      42.4158
      1.83700      42.9971
      2.73700      43.8107
     0.655000      42.0695
      1.38000      42.7972
      1.20200      42.5924
      1.26000      42.5737
     0.990000      42.2095
      1.35100      42.7389
      1.43900      42.2244
     0.592000      41.9694
     0.103000      40.7162
     0.887000      42.0522
     0.758000      42.1188
    0.0940000      40.3633
      2.65200      43.8214
      2.14700      43.2746
     0.924000      42.6587
     0.952000      42.6106
      1.25600      43.0423
     0.529000      42.5091
      2.53000      43.3701
      1.25900      42.3867
     0.614000      41.9792
      1.71500      43.1509
      1.37000      42.7434
      2.69800      43.1794
      3.12800      43.3330
      2.02000      43.0426
     0.855000      42.3985
      1.57000      42.8998
     0.959000      42.6636
     0.500000      42.9734
     0.926000      42.2562
     0.844000      43.1648
      3.03200      43.5417
     0.431000      41.7772
      1.03000      42.0546
     0.797000      41.8706
      1.40700      42.6904
      1.06500      42.7397
      1.51500      42.5856
      1.09800      42.7515
     0.826000      42.8404
    0.0290000      39.8037
      3.20600      43.8304
     0.950000      42.9917
     0.729000      42.7846
      1.19900      42.4939
      1.70200      43.0025
     0.773000      42.0785
      2.09500      43.2734
      2.22500      43.0605
     0.125000      41.6049
      2.23400      44.0092
     0.126000      41.0502
      3.54800      43.6916
      1.70300      43.2790
      1.91600      43.0902
    0.0400000      39.6303
     0.649000      42.0723
     0.218000      40.7404
      1.33500      42.6421
      1.04600      42.9949
     0.867000      42.6213
      3.17300      43.8165
     0.908000      42.0193
      3.68600      43.9092
      3.66200      43.7347
     0.997000      42.4597
     0.833000      42.0502
     0.965000      42.2801
      2.86100      43.3629
     0.348000      42.0258
      2.33500      43.3724
     0.943000      42.2719
     0.924000      42.4266
     0.735000      41.9904
     0.953000      42.5639
     0.824000      42.1611
     0.955000      42.1305
     0.959000      42.3486
      4.17100      43.5537
      1.54000      43.1695
      1.62600      42.7560
     0.989000      42.3524
     0.946000      42.3541
      3.11800      43.2245
     0.831000      42.1326
      1.14100      42.8328
     0.757000      41.9913
      1.76600      42.8755
     0.961000      42.4130
      1.70100      43.1607
      2.01700      42.7729
      2.32400      43.3563
     0.255000      40.8462
      1.56500      42.4561
     0.438000      41.4657
     0.918000      42.4657
      2.58800      43.1278
     0.155000      40.7847
      2.78900      43.5014
      1.36000      42.8716
      2.50000      43.2548
      1.30200      43.5328
      1.78200      43.2125
      4.04400      43.4801
     0.852000      42.0791
      1.17400      42.6170
      3.33800      44.2080
     0.942000      42.9086
      3.36700      44.4048
     0.493000      42.3504
      2.59000      43.5940
      2.93000      44.0655
     0.340000      41.7659
      3.10100      43.3386
      1.83700      43.1486
      1.24200      43.0591
      1.67700      42.6616
      1.30600      42.8503
     0.857000      42.2212
      1.63300      43.2538
     0.737000      42.4015
      1.16900      43.0136
     0.904000      42.3216
      1.57500      42.9139
      1.81400      43.0342
      2.79800      43.6207
      2.58400      43.8676
      1.59900      42.8044
     0.371000      41.7483
      2.40700      43.2196
     0.980000      42.5039
     0.343000      41.4381
      1.88100      43.9320
      1.68400      43.6674
     0.643000      42.7106
      2.07200      43.6841
     0.101000      40.7770
     0.949000      42.2325
      3.08400      43.1815
      1.23000      42.7499
      1.58100      42.7555
      1.03300      42.2250
      2.18200      42.6538
      1.37700      42.9683
     0.665000      42.6505
      2.12200      42.8766
      1.64100      42.9977
      1.44700      43.1796
      1.21900      43.1969
      1.77700      43.4549
     0.916000      42.8576
     0.586000      42.2542
     0.591000      42.5522
      1.87000      43.1995
      2.40300      43.0524
      1.09300      42.4294
     0.779000      42.2900
      1.92600      42.9655
    0.0400000      39.3855
     0.127000      40.7020
      2.27800      44.0005
      1.53500      43.0178
     0.526000      42.1593
      1.25000      43.1883
      1.62700      42.6857
      2.69300      43.7868
     0.570000      42.0229
      1.09400      42.7377
     0.212000      41.0977
      1.03900      42.6373
     0.838000      42.5946
     0.581000      42.1450
      2.24200      42.9713
     0.795000      42.8510
     0.740000      41.9065
      1.94000      42.8563
     0.664000      41.7377
      1.73100      42.9392
      1.43400      42.8879
      2.86000      43.6096
      2.62500      43.1736
      2.60100      43.4175
      3.29700      43.5125
     0.738000      42.3370
      1.63300      42.6271
      2.57700      42.6521
    0.0920000      40.0854
      1.95300      42.5682
     0.623000      42.1323
      1.82100      42.7167
      1.72900      42.9299
     0.386000      41.4906
     0.360000      41.1210
     0.222000      41.2501
      2.00300      44.0695
      3.25300      43.4660
      4.18200      43.6234
     0.755000      42.7654
     0.775000      42.2296
     0.565000      41.7925
      1.78600      43.1026
      1.15100      42.0419
      2.31400      43.2257
      3.43900      43.4048
     0.935000      42.4629
     0.427000      41.3148
      1.92900      43.4083
      2.00500      43.4938
     0.979000      43.0452
     0.728000      41.7189
      1.51200      42.6117
      2.26400      43.0653
     0.979000      43.4919
     0.295000      41.1326
     0.592000      42.2386
      1.52200      42.2878
      1.74100      42.9192
      1.40000      43.0877
      3.41900      43.6364
     0.901000      42.8597
      2.60800      43.7169
     0.275000      41.7624
     0.145000      40.4222
     0.776000      42.2793
      1.33100      42.5972
      1.56000      43.6484
      2.62700      43.4705
    0.0760000      39.8822
      6.06200      44.0682
      3.06000      43.5464
      3.18700      43.3033
      1.42700      42.5198
     0.680000      42.0543
      1.52700      42.9976
      1.40800      43.1136
      2.78000      43.0294
      2.05700      43.3721
     0.745000      42.4182
      2.28400      42.7463
      2.42600      43.2749
     0.249000      41.6357
      2.07600      42.8407
      1.05800      42.9858
      1.63400      43.1870
      1.44000      42.7357
    0.0320000      39.5287
      1.42500      42.2155
      2.46300      43.0297
      1.25300      42.6610
      2.42400      43.4050
      1.10000      42.1770
      1.67700      43.5086
      1.73100      43.0557
      1.50000      42.8660
     0.106000      40.7511
      1.84200      42.9541
      3.56700      43.4596
      2.55600      43.5913
     0.228000      41.2023
      1.29300      42.9815
     0.807000      42.7018
     0.542000      41.8927
      1.99300      42.9778
      2.55200      43.5015
      1.44300      42.4688
      2.21800      42.9646
      3.04600      43.2941
      1.21500      42.5281
     0.376000      43.1659
     0.539000      42.3329
     0.370000      41.4847
      1.23900      42.4803
      1.98100      43.2471
      1.91900      43.4966
      3.20000      43.8865
      1.25900      42.5524
      2.01600      43.3809
      2.66300      43.6489
      2.29500      43.1289
     0.368000      41.3321
      1.51900      42.7870
      2.03400      44.1167
     0.858000      42.7638
      1.87700      43.9180
      2.43100      43.0545
     0.175000      40.5703
      1.42200      43.3481
      1.98200      43.8477
      1.59500      42.6883
      1.36000      42.8226
     0.817000      43.1508
     0.664000      43.6864
     0.218000      41.4676
      1.14300      43.1579
      1.65700      42.8002
      1.62200      42.8740
      1.62700      42.0269
      2.71000      43.1500
     0.836000      42.3094
     0.189000      40.3469
     0.432000      41.7554
     0.881000      42.0338
     0.221000      40.4763
      1.19600      42.4893
      3.22200      43.2278
     0.882000      43.2043
      1.03100      42.3275
      1.44000      42.7306
      1.63000      42.4007
      2.51000      43.2000
     0.723000      42.0304
      2.04500      43.0534
     0.886000      42.3278
     0.657000      43.7439
      2.06300      43.1814
      2.09000      43.0039
      1.43700      42.8378
      2.14900      43.1959
      1.51900      42.6902
     0.117000      40.6944
      1.91100      42.8302
     0.387000      41.6623
      2.10700      43.0670
    0.0990000      40.6327
      3.07800      43.4176
      1.99800      42.8214
      1.24000      43.1357
      1.26800      42.6595
    0.0980000      40.4051
      1.99400      43.7211
      2.27800      43.6212
      1.98700      43.6470
      2.20700      43.2988
     0.671000      41.8577
      1.17600      42.0658
      1.82400      43.2268
      3.13800      43.0687
      3.46500      43.5701
      1.41900      42.6797
      2.27500      43.4419
      3.30600      43.2844
      1.24900      42.3440
    0.0700000      39.4323
      1.84200      42.8359
      2.04400      42.8086
      2.05000      44.1311
      2.48300      42.9056
      2.44300      42.9724
      1.13100      42.3955
      1.42400      42.6623
     0.638000      41.8758
      1.09200      42.3081
      2.65000      43.2813
      1.53400      42.8975
      2.45300      43.1794
      2.37600      43.3225
     0.619000      42.5428
      3.40500      43.9082
      1.22200      42.8155
      2.02900      42.9161
      1.10700      42.3779
      1.74700      42.8501
      1.20600      42.7645
     0.372000      42.0567
     0.667000      42.6947
      2.74800      43.4052
      1.60800      42.7817
      2.27600      44.1952
      1.56600      43.0958
      1.98100      43.7366
     0.602000      42.6912
     0.947000      42.1600
      1.76000      42.8328
      1.75000      42.7755
      3.12400      43.4586
      2.66600      43.9960
     0.746000      42.2998
      2.45900      43.4134
     0.707000      42.0692
      1.37200      42.9035
      2.07400      43.5888
     0.904000      43.1314
      2.95200      43.2802
     0.346000      42.4340
      2.94800      43.8261
      1.21700      42.8834
     0.945000      42.5279
     0.561000      41.6879
     0.738000      42.5558
      1.84200      42.8880
      1.83600      43.1183
      6.56400      44.2501
      1.15700      42.7136
      1.03000      43.8053
      2.73200      43.7386
      2.98800      43.6734
     0.854000      43.8107
      2.67200      43.0497
      2.38600      43.1506
      1.78000      43.3963
      3.09900      43.3079
      1.48800      43.1246
     0.661000      42.0409
      1.11000      42.6872
      1.81800      43.1781
      1.30700      42.6693
      1.51900      43.4567
      1.73400      43.5238
      1.26000      42.5278
     0.343000      41.1393
      2.77900      44.5187
     0.921000      42.0931
      1.61700      42.5434
      2.64800      43.2863
      1.55100      42.6549
     0.219000      40.7529
     0.519000      43.7777
      1.10200      42.2955
      2.94500      43.2083
     0.481000      41.9253
      3.33900      43.7300
     0.119000      40.3461
     0.795000      41.8785
      1.58500      43.0726
     0.425000      41.5963
      1.97400      43.4799
      1.12400      42.3813
      2.62800      43.4065
    0.0820000      40.1652
     0.482000      41.4312
      1.59300      43.0842
      1.63300      43.4510
      1.90400      43.6775
      1.79000      42.9129
     0.695000      43.3053
      1.86400      43.0621
      2.66800      44.2007
      1.20500      42.9075
      2.13000      43.8394
      2.75400      44.3236
     0.922000      43.0046
      1.22800      43.2584
     0.743000      42.1375
      2.05200      43.7846
     0.884000      42.9778
      2.03000      43.7947
      1.01600      42.2748
     0.933000      42.7427
     0.216000      42.1826
      1.12600      42.9430
      1.26600      43.4003
      2.00400      42.6908
      1.28500      42.5506
      1.19700      43.2414
      1.91200      43.3163
     0.215000      41.5230
      2.38700      43.4963
      1.51900      43.5145
    0.0290000      38.9338
      1.95700      43.4788
     0.728000      43.0139
      1.11500      42.7793
      1.06800      42.6147
      2.24100      43.2783
      2.09700      43.5692
      1.58000      43.6375
      2.16200      43.9738
     0.501000      42.9862
     0.807000      42.9595
      1.30800      43.2202
      1.25800      42.3620
      1.20900      43.7460
      1.78600      43.3167
      2.27600      43.3806
      1.50000      43.4675
      1.48100      43.2609
      2.28500      43.4227
      1.07100      42.8699
      2.41400      43.7420
      1.11000      42.3234
      1.46800      43.5427
      1.52700      43.2724
      1.33300      42.6067
      1.88200      43.4568
      1.56500      42.9646
      1.32600      43.0019
      1.65500      43.5853
     0.905000      42.5266
      2.83100      43.5464
      2.64200      43.3565
      1.01000      42.7092
     0.766000      44.0435
      2.35100      43.2960
      1.57900      43.5474
      1.81000      43.6981
      2.64800      44.5118
      1.01100      43.0267
      2.27700      43.8223
     0.307000      41.5792
     0.934000      41.9728
     0.728000      42.6745
      2.83400      44.2157
      1.85600      43.9851
      1.04100      44.1706
     0.609000      42.4179
     0.812000      43.5394
      1.13000      43.0130
      1.25200      43.4731
    0.0800000      40.1505
     0.492000      41.6657
     0.166000      41.1835
      1.32500      43.0987
      1.58400      43.7616
     0.827000      41.9044
      1.11200      42.4030
     0.765000      43.6330
     0.768000      42.7433
     0.568000      42.2133
     0.881000      43.4169
     0.103000      41.0499
      1.14300      42.9405
      1.59800      43.7718
     0.745000      42.4118
     0.760000      42.3868
      1.14000      42.1699
     0.505000      42.4575
      1.16500      43.3923
      1.52900      43.2736
      2.34400      43.3144
      1.60800      44.0637
     0.190000      41.7162
      1.44100      42.4915
      4.12000      43.6254
     0.610000      41.3964
      1.99600      43.3515
      1.56000      42.5423
     0.950000      42.5288
     0.623000      42.8655
      1.43400      44.3513
      2.34200      43.3266
      1.68600      43.6185
      2.62000      44.0071
      1.47000      43.7121
      1.61600      43.6814
      2.77900      43.4507
      1.38100      43.0672
      1.77600      43.3393
     0.680000      43.3345
      1.45900      43.9236
     0.807000      42.2561
      1.13000      43.3996
     0.826000      42.8708
      2.54900      43.6766
      2.27000      43.5712
     0.612000      42.6192
     0.717000      42.5098
      1.64100      43.7826
      2.90200      43.7461
     0.665000      42.4405
     0.920000      43.1554
      2.11400      44.8002
     0.703000      42.8326
     0.667000      42.1061
      2.16000      43.0388
     0.737000      43.3319
      1.29000      43.1114
      1.26000      43.8250
      2.42900      43.9417
      2.93000      43.6817
     0.980000      43.4820
      1.14200      43.7562
     0.667000      41.8275
      1.44700      43.5554
     0.520000      41.9802
      1.35000      42.7729
      1.57300      43.3976
      2.58500      43.7866
      2.12200      44.1459
      1.68500      42.4071
     0.845000      42.8356
     0.431000      41.6977
      1.88500      44.1418
     0.481000      41.9649
     0.960000      43.1591
      1.73900      43.6405
      3.14300      44.5268
      1.56900      42.9982
      1.28900      44.0247
      1.09100      43.0128
     0.794000      43.3834
      2.22400      43.0892
      1.44600      42.7718
      2.63000      43.6072
      1.21300      42.8866
      1.28800      43.0489
     0.864000      42.7253
      2.00000      43.4404
    0.0830000      40.0246
     0.431000      41.8536
      1.41900      42.6136
      1.26400      42.6652
      3.03800      44.3068
     0.821000      43.7429
      1.22300      43.0683
      2.34100      43.2851
     0.979000      43.0024
     0.196000      42.6162
      1.76000      42.4822
      1.40300      43.0392
     0.212000      40.8701
      2.03400      43.0092
     0.878000      43.5092
      1.85700      43.7132
      1.99000      43.0380
     0.850000      43.4673
      1.72400      43.5465
      2.55000      44.4004
     0.669000      43.1876
     0.772000      42.7115
     0.982000      42.5193
      2.63000      43.8303
      1.82700      43.3473
      2.22500      43.7250
      3.30200      44.0146
      2.70000      43.7555
     0.857000      42.9497
      1.31300      43.3038
      2.01800      43.9087
      2.22200      44.4891
      1.73000      43.6180
      2.24900      44.0921
      3.42300      44.5104
     0.343000      41.3864
     0.105000      40.0828
      1.07800      43.5715
      1.55300      43.7465
     0.351000      41.7804
      2.89800      43.6931
      1.33700      42.5864
     0.798000      43.2767
      1.42400      42.4508
      1.04400      42.6298
      1.58100      42.8106
     0.746000      42.0758
      1.45100      43.8000
     0.332000      41.6529
     0.192000      40.9280
     0.761000      42.7133
      1.11900      43.4613
      1.83900      43.8191
      2.83600      44.0439
     0.828000      43.1947
      1.32500      43.1646
      2.42900      44.1478
     0.688000      43.2956
      1.51100      43.8570
      3.84500      43.6525
      2.55300      43.2652
      1.25700      43.1296
     0.576000      41.8949
      1.97900      43.7908
     0.626000      41.7338
      1.73900      42.9206
      1.66900      42.6794
      3.03000      43.5635
     0.103000      40.4664
      1.06500      44.1389
     0.298000      41.3182
      1.40600      44.1624
     0.349000      43.2530
      1.30800      44.7325
     0.704000      41.9403
     0.345000      41.4943
     0.344000      42.0650
      1.98300      43.2442
     0.835000      42.8839
     0.372000      41.3306
     0.884000      42.5708
     0.525000      41.7438
     0.362000      41.2450
      1.86300      42.7195
      4.42600      43.4565
      1.41400      43.2284
      2.83200      43.9074
      1.32800      42.6372
     0.331000      41.3231
      1.53200      43.3669
      2.04100      43.5533
      2.80000      43.2281
     0.972000      42.5196
      1.94600      43.1749
      4.98900      44.3633
      1.83200      44.3768
      2.07900      44.0223
      1.23500      43.2887
      2.09100      42.7905
      2.03000      43.2334
      1.91100      43.9558
      1.98700      43.6560
      1.56000      42.9929
     0.346000      42.6202
    0.0790000      40.0676
      2.02100      43.1110
      3.17100      43.8557
      3.53500      44.0459
      2.14700      43.2505
      1.56100      44.4362
      1.02500      42.7476
     0.910000      42.7407
      1.32400      43.1479
     0.248000      41.3148
     0.737000      41.8406
      1.87300      43.0230
      1.77600      42.9915
     0.913000      42.1582
      1.85400      44.1993
      2.10900      43.2910
     0.385000      41.8144
      2.35300      43.8679
    0.0620000      39.8999
      1.64000      42.5113
     0.930000      43.1845
      2.05100      43.1197
      1.84500      43.9070
     0.355000      42.8596
      2.76500      43.4940
      1.04300      42.3344
      2.42000      43.4727
     0.706000      42.1965
      2.54700      43.2968
      2.00500      43.3789
      2.39300      43.7141
      1.37600      43.9062
      1.42100      43.4051
     0.676000      42.5507
      1.00800      42.3710
      1.02900      42.2919
     0.825000      42.9174
      4.13000      44.1091
     0.125000      40.5884
      1.09600      43.0020
     0.536000      42.3218
      3.22500      43.7688
      1.55100      42.9959
      1.84300      43.7198
      2.36400      43.8758
     0.607000      42.5304
     0.951000      42.9645
     0.838000      43.1890
      1.17600      42.6452
      1.63900      42.8787
      1.50300      43.1834
      1.45200      42.7661
      1.00100      42.5863
      1.48000      44.0605
     0.970000      43.3947
     0.905000      43.5113
     0.985000      43.5048
     0.846000      43.0563
      1.37900      43.6429
     0.979000      42.2433
      2.02900      44.1452
      1.22600      43.6323
      2.94600      43.9949
      3.14800      43.5635
     0.675000      42.8733
      1.16600      43.1237
      1.17100      42.7684
      1.55100      42.8850
      2.12900      43.7593
      1.49800      43.1416
      1.40200      44.5177
      1.31700      43.3656
     0.734000      43.0100
      1.88900      43.8626
      2.40900      43.2917
     0.340000      42.7785
      1.89000      44.0179
     0.393000      42.3277
      1.00000      42.4045
     0.922000      42.7241
      1.27600      42.7431
      1.74100      44.0442
      2.13300      43.1703
     0.928000      42.8139
      1.26800      42.8608
      1.40600      44.0500
      3.10800      44.0705
      2.32200      43.6442
      1.28000      42.7946
      1.98900      43.3267
      1.16700      42.5989
     0.123000      41.4086
      2.46400      44.4884
      1.43300      43.9877
      1.06400      43.0431
      1.13000      43.0707
     0.772000      42.9588
      1.12700      43.2355
     0.216000      42.0176
      1.68900      43.8566
      1.17500      43.0820
      1.26400      43.7377
      2.52200      43.9469
      1.47700      43.5751
      1.85200      43.7939
     0.876000      42.3495
      1.69700      43.2835
     0.623000      42.2930
     0.700000      42.4940
      5.49600      44.1359
     0.476000      42.3543
      2.10400      43.3225
      1.12300      43.2439
      1.18500      44.2073
      3.37500      44.0312
      2.04400      44.2312
     0.840000      42.3997
      1.72400      43.1521
     0.943000      42.8432
      2.39000      43.3412
      2.74800      43.5789
     0.367000      42.3161
      1.70200      43.5558
     0.632000      42.0979
      1.43200      43.7362
      1.55000      42.9143
     0.731000      43.1004
      2.66500      43.9639
     0.558000      43.5071
      1.79500      43.8420
      2.51200      43.3320
     0.737000      43.4807
      1.45400      43.8908
      2.75000      43.8507
      1.36200      43.6148
      1.89400      42.8884
      1.34300      42.6646
      2.64600      43.4323
      1.22100      42.8330
      3.60900      44.1955
      1.11000      44.0100
      1.84200      43.9257
      1.61300      43.9243
      1.24600      43.2664
     0.297000      41.7466
      2.37700      44.4073
      1.89600      43.3293
      1.92100      43.7105
     0.877000      43.8926
      2.75500      44.3233
      1.45300      43.1500
      2.27900      43.5699
      1.56500      43.8969
      1.54400      44.3586
      2.36200      44.7373
     0.957000      43.7666
      2.87400      44.1948
     0.849000      43.9630
      1.08900      43.5080
      1.80100      42.9042
     0.482000      41.9079
     0.859000      42.9298
     0.565000      41.9841
    0.0660000      41.4973
      1.63600      43.9599
      2.79000      43.7277
      2.44600      43.3843
      3.26100      43.9512
     0.816000      42.6535
      1.50700      44.7683
      1.43300      42.7886
     0.951000      42.2378
      1.55800      43.3208
      1.21700      43.2134
     0.358000      42.1652
     0.672000      41.9035
      1.45000      43.0543
      1.76400      42.9693
      2.40200      44.0069
     0.318000      41.5658
      1.73000      42.8369
      1.75500      43.3942
     0.650000      42.3971
      2.58100      43.3166
      1.11500      43.5995
      2.21200      43.9282
     0.785000      42.7022
      1.22900      42.4321
      1.23600      42.4328
     0.831000      41.8002
      1.71300      43.0608
      1.32700      43.9939
     0.630000      41.8403
      1.47400      43.2167
      1.35300      42.7096
